128
-1
-1
385 665
385 665
381 652
381 652
381 652
381 652
381 652
381 652
374 653
374 653
374 653
374 653
374 653
374 653
374 653
374 653
374 653
374 653
291 657
291 657
291 657
291 657
292 657
292 657
202 315
202 315
291 631
291 631
292 631
291 618
291 618
292 618
328 702
328 702
329 702
328 357
328 357
329 357
314 664
314 664
314 664
314 664
314 664
314 664
314 664
314 664
314 664
373 669
240 620
307 665
308 665
252 280
252 280
240 615
181 286
181 286
181 286
181 286
311 412
311 412
160 279
160 279
430 448
430 448
230 328
230 328
259 628
259 628
234 272
234 272
234 548
234 548
240 670
240 670
240 670
240 670
174 624
174 624
214 291
214 291
214 291
214 291
231 269
231 269
373 670
207 702
207 702
330 651
330 651
330 651
330 651
307 646
307 646
307 646
307 646
307 646
307 646
307 646
307 646
307 646
307 646
378 664
378 664
244 664
244 664
244 285
244 285
278 295
278 295
373 646
373 646
274 428
274 428
274 428
274 428
249 529
236 526
233 526
253 516
256 509
177 678
177 678
177 678
177 678
177 678
177 678
136 501
136 501
