124
-1
-1
162 145
162 145
211 637
211 637
211 637
211 637
117 790
117 790
117 790
117 790
133 542
133 542
165 488
165 488
165 488
165 488
238 415
238 415
139 625
139 625
139 625
139 625
127 540
127 540
127 540
127 540
127 540
127 540
141 624
141 624
269 403
144 565
144 565
140 498
140 498
133 537
133 537
93 361
93 361
228 399
139 603
139 603
152 518
152 518
136 583
136 583
136 583
136 583
145 546
145 546
128 540
128 540
128 540
128 540
109 529
109 529
109 529
109 529
167 499
167 499
174 661
174 661
160 597
160 597
181 634
181 634
179 634
179 634
162 570
162 570
173 178
173 178
173 178
173 178
176 576
176 576
152 616
152 616
164 180
164 180
167 537
167 537
191 188
191 188
189 561
189 561
173 178
173 178
174 584
174 584
182 192
182 192
182 192
182 192
182 192
182 192
182 192
182 192
174 595
174 595
173 605
173 605
197 204
197 204
174 601
174 601
172 532
172 532
166 206
166 206
166 206
166 206
175 565
175 565
188 537
188 537
198 535
198 535
198 182
198 182
172 641
172 641
158 690
158 690
