251
-1
-1
282 672
282 672
403 712
403 712
403 712
403 712
358 704
358 704
307 614
307 614
182 605
182 605
317 679
289 634
309 591
309 591
231 560
231 560
253 659
253 659
253 659
253 659
359 457
359 457
232 640
232 640
322 732
322 732
322 732
183 413
183 413
270 335
270 335
297 718
232 429
232 429
262 317
262 317
262 317
262 317
262 317
262 317
270 453
270 453
270 453
270 453
248 320
248 320
248 320
248 320
248 320
248 320
391 376
391 376
126 260
126 260
126 260
126 260
126 260
126 260
126 260
126 260
126 260
126 260
126 260
126 260
126 260
126 260
126 260
126 260
396 646
396 646
186 257
186 257
167 558
167 558
442 424
442 424
442 471
442 471
257 461
257 461
344 658
344 658
315 683
315 683
315 683
179 197
179 197
340 638
340 638
277 723
277 723
263 606
263 606
345 702
345 702
290 786
290 786
308 691
308 691
186 289
186 289
244 645
244 645
344 724
344 724
327 376
327 376
380 647
308 578
107 518
107 518
117 185
117 185
117 185
136 262
182 346
128 221
172 677
137 363
128 356
128 356
132 361
132 361
175 379
175 379
175 379
175 379
175 379
175 379
170 537
170 537
170 537
170 537
170 537
170 537
166 525
166 525
116 354
116 354
152 488
152 488
162 460
162 460
145 154
145 154
193 574
193 574
193 574
193 574
120 804
120 804
120 804
120 804
145 548
145 548
157 499
157 499
157 499
157 499
223 444
223 444
135 618
135 618
135 618
135 618
116 529
116 529
116 529
116 529
116 529
116 529
117 601
117 601
281 445
132 494
132 494
128 543
128 543
122 512
122 512
106 429
106 429
223 394
145 535
145 535
162 524
162 524
140 643
140 643
140 643
140 643
144 535
144 535
119 595
119 595
119 595
119 595
131 507
131 507
131 507
131 507
148 532
148 532
191 686
191 686
144 586
144 586
158 735
158 735
166 641
166 641
158 547
158 547
158 186
158 186
158 186
158 186
162 554
162 554
177 566
177 566
156 178
156 178
167 537
167 537
172 178
172 178
175 532
175 532
193 192
193 192
180 578
180 578
165 196
165 196
165 196
165 196
165 196
165 196
169 186
169 186
165 573
165 573
197 560
197 560
190 188
190 188
165 532
165 532
