329
-1
-1
127 358
127 358
264 295
183 305
178 309
178 309
178 309
178 309
156 275
156 275
156 275
132 220
132 220
113 166
65 355
106 287
200 307
135 184
111 186
92 383
92 383
92 383
289 345
175 358
175 358
175 358
175 358
175 358
63 180
63 180
63 180
63 180
63 180
63 180
68 163
68 163
171 301
171 301
86 252
71 241
71 241
187 353
187 353
138 320
54 85
104 125
213 233
55 141
55 141
139 334
137 142
137 142
135 136
137 347
95 260
95 260
107 218
107 218
118 131
168 310
108 220
55 216
55 216
55 191
55 191
77 92
77 92
77 92
77 92
77 92
77 92
56 267
56 267
57 267
57 267
122 467
58 280
58 280
56 260
56 260
128 180
132 166
132 166
132 166
132 166
132 166
132 166
130 206
120 206
107 277
125 327
173 300
173 300
71 349
71 349
92 352
92 352
74 172
74 172
74 172
74 172
74 172
74 172
87 388
44 346
103 263
103 263
103 263
103 263
53 245
53 245
53 245
53 245
53 245
53 245
53 245
53 245
53 245
53 245
91 207
91 207
120 128
92 242
60 123
83 161
88 251
97 307
97 307
97 307
100 299
100 299
70 274
70 274
54 172
54 172
54 172
60 225
60 225
54 212
54 212
60 223
60 223
139 202
89 189
77 157
77 157
77 157
77 157
77 157
77 157
77 157
77 157
65 73
65 73
66 71
60 149
60 149
60 149
60 149
93 191
93 191
48 87
80 201
80 201
88 198
88 198
88 198
88 198
87 172
87 172
87 172
87 172
83 303
83 303
50 183
50 183
71 183
71 183
71 183
71 183
71 183
71 183
71 183
71 183
83 154
83 154
120 210
120 210
120 210
120 210
120 210
97 96
102 214
97 172
97 172
98 134
98 134
98 134
98 134
98 134
98 134
76 129
76 129
76 129
76 129
63 100
191 272
191 273
133 150
133 150
133 150
133 150
133 150
64 223
64 223
94 278
94 278
94 278
94 278
94 278
94 278
73 253
73 253
73 253
73 253
80 293
80 293
80 293
80 293
80 293
80 293
72 251
72 251
92 234
92 234
90 178
90 178
96 290
96 290
106 168
101 161
93 162
93 162
106 149
141 161
92 151
92 151
92 151
92 151
92 151
92 151
131 135
131 135
72 323
72 323
72 323
72 323
72 323
72 323
72 323
72 323
147 178
152 360
152 360
151 299
151 299
87 260
87 260
170 188
170 188
170 188
170 188
87 146
87 146
87 146
87 146
148 360
148 360
116 318
116 318
88 158
88 158
126 336
126 336
126 336
126 336
59 376
35 366
71 150
110 129
44 125
225 364
96 161
46 172
87 131
67 117
75 105
63 117
95 199
70 121
77 260
77 260
55 135
55 135
82 113
131 231
131 231
78 188
78 188
40 131
65 260
65 260
68 177
69 94
69 94
58 323
58 323
58 323
58 323
58 323
58 323
77 240
77 240
69 160
69 160
69 160
71 313
94 318
166 233
