135
-1
-1
115 227
115 227
87 152
87 152
181 290
181 290
185 335
185 335
185 335
185 335
185 335
185 335
185 335
185 335
95 341
95 341
52 115
66 185
66 185
66 185
85 100
67 87
44 62
71 186
71 186
106 347
43 347
43 347
113 347
78 211
78 211
78 211
78 211
78 211
78 211
78 211
78 211
75 285
75 285
104 285
92 186
92 186
92 152
92 152
150 186
150 186
76 162
76 162
76 162
76 162
76 162
76 162
79 196
79 196
79 196
79 196
96 232
96 232
80 266
80 266
80 266
82 274
82 274
82 266
82 266
80 150
80 150
80 150
80 150
80 150
80 150
66 231
66 231
64 205
64 205
67 194
67 194
66 190
66 190
94 215
94 215
94 200
94 200
94 200
94 200
96 305
84 168
84 168
83 168
83 168
78 277
78 277
78 277
78 277
78 277
78 277
94 157
94 157
95 192
95 192
95 192
95 192
95 192
95 192
95 191
95 191
95 191
95 191
95 215
95 215
95 215
95 215
78 215
78 215
79 266
79 266
121 267
105 164
105 164
95 156
95 156
95 156
95 156
95 156
95 156
81 307
81 307
85 307
85 307
85 307
85 307
72 97
72 97
72 97
113 282
