225
-1
-1
284 682
284 682
488 596
334 697
334 668
334 668
334 668
334 668
292 528
292 528
292 528
297 426
297 426
210 389
128 723
209 625
432 717
226 402
241 417
188 691
188 691
188 691
571 697
390 705
112 412
112 412
112 412
112 412
112 412
112 412
135 306
135 306
412 622
412 622
166 530
146 479
146 479
382 721
382 721
281 614
100 174
213 271
383 449
130 258
130 258
239 667
274 322
274 322
252 240
234 647
210 547
210 547
207 457
207 457
228 235
334 695
226 436
102 450
102 450
98 419
98 419
166 170
166 170
166 170
166 170
166 170
166 170
119 486
119 486
110 524
110 524
234 892
129 515
129 515
107 516
107 516
244 361
223 327
223 327
223 327
223 327
223 327
223 327
272 379
272 364
248 624
219 675
387 673
387 673
152 625
152 625
184 726
184 726
155 369
155 369
155 369
155 369
155 369
155 369
148 313
148 313
148 313
148 313
178 706
89 692
205 521
205 521
205 521
205 521
111 537
111 537
111 537
111 537
111 537
111 537
111 537
111 537
111 537
111 537
159 448
159 448
210 242
195 520
134 218
145 335
159 479
174 563
174 563
174 563
184 561
184 561
134 504
134 504
98 367
98 367
98 367
104 458
104 458
112 432
112 432
114 399
114 399
301 401
165 352
154 308
154 308
154 308
154 308
154 308
154 308
154 308
154 308
138 138
138 138
112 161
127 304
127 304
127 304
127 304
205 370
205 370
109 190
159 429
159 429
173 394
173 394
173 394
173 394
170 318
170 318
170 318
170 318
159 663
159 663
99 359
99 359
146 392
146 392
146 392
146 392
146 392
146 392
146 392
146 392
162 279
162 279
251 376
251 376
251 376
251 376
251 376
193 191
233 396
183 358
183 358
197 238
197 238
197 238
197 238
197 238
197 238
168 220
168 220
168 220
168 220
152 215
350 535
346 548
290 309
290 309
290 309
290 309
290 309
124 505
124 505
199 555
199 555
199 555
199 555
148 550
148 550
179 566
179 566
179 566
179 566
