337
-1
-1
141 383
141 383
141 383
141 383
133 386
133 386
134 380
134 380
128 482
128 482
304 462
304 462
304 462
304 462
119 325
119 325
184 311
184 311
160 309
160 309
179 599
179 599
213 481
213 481
129 246
129 246
129 246
129 246
129 246
129 246
103 414
103 414
185 426
185 426
102 412
102 412
107 417
107 417
188 376
188 376
188 376
154 263
154 263
203 337
203 337
141 297
141 297
111 507
111 507
112 514
112 514
84 184
180 184
124 467
124 467
157 462
157 462
157 462
157 462
123 462
123 462
90 462
90 462
137 304
165 573
91 186
148 392
148 392
148 392
148 392
148 392
148 392
151 174
151 174
131 355
131 355
224 267
121 465
121 465
126 465
126 465
137 614
137 614
166 611
166 611
166 614
166 614
167 614
167 614
202 220
202 220
97 269
97 269
145 275
97 362
97 362
97 362
97 362
110 379
110 379
119 518
119 518
119 518
119 518
146 342
146 342
146 342
146 342
146 342
146 342
112 212
381 580
164 355
164 355
164 355
164 355
224 237
88 263
225 532
86 532
189 627
189 627
189 627
189 627
169 629
169 629
169 629
213 477
213 477
213 477
150 243
150 243
111 213
79 408
79 408
162 382
162 382
116 549
116 549
161 310
142 423
127 397
127 397
147 388
147 388
147 388
147 388
247 681
241 475
241 475
241 475
164 655
164 655
164 288
164 288
154 288
241 342
241 342
146 505
146 505
146 505
146 505
143 309
143 309
130 160
130 160
172 172
203 302
203 302
261 641
261 641
261 641
261 641
168 233
168 233
361 557
361 557
137 615
137 615
137 615
137 615
135 415
152 580
152 580
87 425
87 425
162 510
162 510
126 510
126 510
159 414
159 414
139 599
139 599
139 599
139 599
139 599
139 599
138 597
138 597
151 413
151 413
181 391
181 391
151 391
151 391
151 391
151 391
151 367
151 367
151 367
151 367
151 367
151 274
151 274
181 252
181 252
151 252
151 252
151 252
151 252
105 394
105 394
132 351
183 322
168 313
168 313
168 313
168 313
160 602
191 666
191 666
191 621
191 621
188 396
188 367
188 367
194 384
96 130
206 410
246 339
246 339
239 349
239 349
151 374
151 374
196 382
151 382
151 382
173 581
173 581
159 389
159 389
159 389
159 389
159 272
159 272
190 370
190 370
190 368
190 368
196 511
166 277
166 277
210 268
210 268
210 268
127 646
127 646
127 646
127 646
142 374
142 374
186 382
186 382
117 397
117 397
117 397
117 397
212 355
179 314
179 314
143 527
143 527
143 527
143 527
125 355
125 355
125 355
125 355
125 288
125 288
125 288
125 288
79 188
79 188
145 274
145 274
88 346
158 572
158 572
222 600
162 464
247 564
239 357
272 354
272 354
104 377
104 377
171 218
170 219
134 281
197 348
197 348
261 526
261 526
261 526
261 526
261 526
261 526
261 526
261 526
261 526
261 526
281 297
571 713
571 713
571 713
571 713
571 705
571 705
571 705
571 705
585 705
585 672
585 672
585 672
