122
-1
-1
167 231
94 314
94 314
260 423
169 562
169 562
143 506
143 506
143 506
143 506
202 301
202 301
92 264
92 264
69 134
69 134
190 478
190 478
108 479
108 479
99 276
99 276
178 368
178 368
178 368
178 368
212 599
144 593
144 593
144 593
144 593
174 424
174 424
174 424
174 424
229 304
229 304
229 304
144 153
163 317
163 317
163 317
161 370
161 370
161 370
168 249
161 236
193 600
154 195
154 195
224 345
224 345
224 345
224 345
205 359
205 359
205 359
205 359
230 238
230 238
230 238
230 238
174 713
174 713
141 381
141 381
141 381
141 381
162 385
162 385
162 385
162 385
171 421
171 421
171 421
171 421
171 421
171 421
183 392
183 392
183 392
183 392
183 392
183 392
178 320
178 320
141 615
141 615
189 354
189 354
189 354
189 354
189 354
189 354
170 358
170 358
170 358
188 326
210 623
85 565
117 553
117 553
117 553
117 553
117 553
117 553
84 356
175 252
112 243
112 243
201 513
201 513
133 524
133 524
188 574
188 574
211 454
358 676
218 586
196 229
196 229
351 478
