246
-1
-1
43 253
43 253
62 272
62 272
113 157
84 228
84 228
84 228
84 228
84 228
84 228
84 228
84 228
40 67
101 332
43 294
69 182
69 182
69 182
69 182
69 182
69 182
64 120
64 120
64 120
101 207
60 216
60 216
52 274
52 274
46 201
46 201
46 201
54 198
54 198
71 254
71 254
71 254
71 254
71 254
71 254
112 115
112 115
93 190
93 190
93 190
93 190
48 152
48 152
74 311
74 311
74 311
72 332
72 332
72 332
72 332
54 221
54 221
54 242
54 242
54 242
54 242
54 207
54 207
45 196
45 196
55 170
55 170
100 216
51 227
51 227
51 227
51 227
51 227
51 227
51 227
51 227
51 227
51 227
51 227
51 227
56 234
56 234
62 97
62 97
57 88
98 190
98 190
98 190
98 190
98 190
98 190
147 223
147 223
127 141
127 141
91 139
91 139
119 263
119 263
119 263
119 263
112 258
112 258
112 258
112 258
112 258
112 258
112 258
112 258
112 258
112 258
112 258
112 258
81 174
122 175
122 175
122 175
122 175
122 175
83 114
83 114
71 168
71 168
71 168
71 168
124 278
124 278
124 278
124 278
83 147
83 147
104 234
110 205
111 154
63 197
63 197
63 197
63 197
63 197
63 197
63 197
63 197
63 197
63 197
63 197
63 197
63 197
63 197
63 197
63 197
63 197
63 197
135 201
197 205
178 207
90 141
90 141
115 217
80 298
80 298
43 182
212 334
166 353
82 84
82 84
82 84
82 84
82 84
82 84
111 183
71 160
71 160
51 222
99 187
99 187
71 298
71 298
71 298
71 298
71 298
180 397
213 245
98 243
92 210
97 96
94 193
82 117
82 117
63 246
239 325
120 304
124 149
77 141
89 151
89 151
89 151
89 151
89 151
89 151
89 151
89 151
61 277
127 186
111 225
83 201
59 118
59 118
138 354
116 154
71 213
71 213
71 213
71 213
71 213
71 213
71 213
71 213
71 213
136 207
179 199
103 152
81 223
81 223
81 223
88 144
133 144
48 203
120 306
99 192
99 192
125 339
125 339
161 358
161 358
78 126
63 176
75 120
66 280
66 280
93 157
93 157
93 157
99 158
60 225
60 225
