110
-1
-1
127 397
127 397
147 388
147 388
147 388
147 388
247 681
241 475
241 475
241 475
164 655
164 655
164 288
164 288
154 288
241 342
241 342
146 505
146 505
146 505
146 505
143 309
143 309
130 160
130 160
172 172
203 302
203 302
261 641
261 641
261 641
261 641
168 233
168 233
361 557
361 557
137 615
137 615
137 615
137 615
135 415
152 580
152 580
87 425
87 425
162 510
162 510
126 510
126 510
159 414
159 414
139 599
139 599
139 599
139 599
139 599
139 599
138 597
138 597
151 413
151 413
181 391
181 391
151 391
151 391
151 391
151 391
151 367
151 367
151 367
151 367
151 367
151 274
151 274
181 252
181 252
151 252
151 252
151 252
151 252
105 394
105 394
132 351
183 322
168 313
168 313
168 313
168 313
160 602
191 666
191 666
191 621
191 621
188 396
188 367
188 367
194 384
96 130
206 410
246 339
246 339
239 349
239 349
151 374
151 374
196 382
151 382
151 382
173 581
173 581
