124
-1
-1
177 658
177 658
172 621
172 621
172 621
172 621
145 195
145 195
213 537
87 560
182 727
182 727
182 727
182 727
182 727
182 727
218 320
218 320
218 320
218 320
94 208
181 381
181 381
221 260
221 260
199 296
199 296
159 445
159 445
159 445
171 290
171 290
171 290
171 290
171 290
171 290
194 234
194 234
194 234
122 410
122 410
124 430
124 430
163 534
163 534
163 534
163 534
163 534
163 534
163 534
163 534
174 517
174 517
153 592
153 592
248 646
214 399
214 399
208 301
237 326
237 326
237 326
237 326
232 259
250 422
132 272
132 272
132 272
132 272
152 405
152 405
152 405
152 405
130 397
130 397
132 406
132 406
123 530
123 530
307 503
307 503
307 503
307 503
123 322
123 322
187 323
187 323
154 285
154 285
182 540
182 540
199 462
199 462
131 244
131 244
131 244
131 244
131 244
131 244
102 447
102 447
188 460
188 460
111 449
111 449
109 397
109 397
191 387
191 387
191 387
158 250
158 250
199 317
199 317
129 271
129 271
116 542
116 542
122 560
122 560
80 170
175 168
132 458
132 458
