107
-1
-1
111 329
112 354
135 222
135 210
123 160
133 142
77 283
187 307
138 168
120 332
117 316
109 313
99 177
151 324
80 334
97 176
97 176
97 176
97 176
81 159
81 159
60 164
114 293
114 293
48 293
48 293
67 118
92 293
116 226
74 169
74 169
74 169
74 169
77 156
77 156
77 156
77 156
72 289
72 289
72 184
72 184
83 204
83 204
83 204
83 204
83 204
83 204
83 204
83 204
83 204
81 332
81 332
99 183
99 183
99 183
99 183
99 183
99 183
99 183
99 183
100 151
100 151
50 114
102 315
51 226
51 226
49 181
49 181
44 184
44 184
42 185
42 185
42 185
42 185
76 93
76 93
76 93
76 93
76 93
76 92
76 92
68 405
85 85
55 237
55 237
47 237
47 237
59 262
59 262
104 158
90 212
90 212
90 212
90 212
90 212
90 212
90 212
90 212
40 72
106 326
43 326
74 167
74 167
74 167
74 167
74 167
74 167
