93
-1
-1
108 151
105 159
105 159
120 151
150 139
102 151
102 151
102 151
102 151
102 151
102 151
127 138
127 138
71 317
71 317
71 317
71 317
71 317
71 317
71 317
71 317
148 171
147 357
147 357
154 346
154 346
95 252
95 252
169 174
169 174
169 174
169 174
83 169
83 169
83 169
83 169
137 341
137 341
98 308
98 308
82 158
82 158
121 294
121 294
121 294
121 294
64 362
32 366
83 149
97 134
43 133
227 347
103 175
51 170
77 131
68 109
68 108
68 101
106 214
75 121
79 247
79 247
49 123
49 123
81 107
139 245
139 245
67 184
67 184
39 129
67 252
67 252
70 166
58 95
58 95
56 265
56 265
56 265
56 265
56 265
56 265
68 261
68 261
67 159
67 159
67 159
74 352
94 321
182 233
132 392
65 250
72 369
73 81
