382
-1
-1
237 329
140 237
140 237
380 647
417 671
383 659
383 659
374 659
374 659
440 659
440 659
292 659
292 659
292 659
316 636
316 636
307 624
307 624
302 602
302 602
440 624
440 624
224 240
224 240
271 658
271 658
271 658
271 658
371 648
371 648
371 648
371 648
271 648
271 648
271 648
271 648
271 648
271 648
271 275
271 275
321 648
321 648
321 648
321 648
321 648
321 648
269 381
269 381
248 317
248 317
248 317
248 317
248 317
248 317
248 317
248 317
335 707
335 707
193 710
193 710
250 617
250 617
420 607
420 607
289 615
289 615
286 616
286 616
282 370
282 370
334 635
334 635
295 341
295 341
238 313
238 313
158 305
158 305
189 348
189 348
217 312
217 312
362 589
362 589
482 690
482 690
469 690
469 690
467 690
467 690
447 690
447 690
431 650
431 650
271 666
271 666
380 627
380 627
271 671
271 671
271 671
271 671
230 297
230 297
271 661
271 661
271 661
271 661
271 281
271 281
271 281
271 281
271 281
271 281
371 660
371 660
321 660
321 660
321 658
321 658
321 358
321 358
299 455
299 455
231 455
231 455
175 304
175 304
362 581
362 581
371 670
371 670
371 670
371 670
371 670
371 670
371 670
371 670
191 682
191 682
105 230
132 371
132 371
132 371
171 201
134 174
89 125
142 373
142 373
213 694
87 694
87 694
227 694
157 423
157 423
157 423
157 423
157 423
157 423
157 423
157 423
150 570
150 570
209 570
184 373
184 373
185 304
185 304
300 373
300 373
153 324
153 324
153 324
153 324
153 324
153 324
159 393
159 393
159 393
159 393
192 464
192 464
161 533
161 533
161 533
165 549
165 549
165 533
165 533
161 300
161 300
161 300
161 300
161 300
161 300
133 463
133 463
128 411
128 411
134 389
134 389
132 381
132 381
189 431
189 431
189 400
189 400
189 400
189 400
193 610
168 337
168 337
166 337
166 337
156 555
156 555
156 555
156 555
156 555
156 555
189 314
189 314
191 384
191 384
191 384
191 384
191 384
191 384
191 382
191 382
191 382
191 382
191 430
191 430
191 430
191 430
157 430
157 430
158 532
158 532
243 534
211 328
211 328
191 312
191 312
191 312
191 312
191 312
191 312
163 615
163 615
171 615
171 615
171 615
171 615
144 194
144 194
226 565
87 565
199 706
199 706
199 706
199 706
199 706
199 706
199 329
199 329
199 329
199 329
91 191
201 374
201 374
201 241
201 241
201 308
201 308
148 441
148 441
148 441
157 318
157 318
157 318
157 318
157 318
157 318
213 251
213 251
213 251
134 431
134 431
134 438
134 438
162 544
162 544
162 544
162 544
162 544
162 544
162 544
162 544
168 555
168 555
168 544
168 544
226 672
200 443
200 443
226 327
233 311
233 311
233 311
233 311
226 284
260 402
125 265
125 265
125 265
125 265
141 383
141 383
141 383
141 383
133 386
133 386
134 380
134 380
128 482
128 482
304 462
304 462
304 462
304 462
119 325
119 325
184 311
184 311
160 309
160 309
179 599
179 599
213 481
213 481
129 246
129 246
129 246
129 246
129 246
129 246
103 414
103 414
185 426
185 426
102 412
102 412
107 417
107 417
188 376
188 376
188 376
154 263
154 263
203 337
203 337
141 297
141 297
111 507
111 507
112 514
112 514
84 184
180 184
124 467
124 467
157 462
157 462
157 462
157 462
123 462
123 462
90 462
90 462
137 304
