427
-1
-1
205 239
159 185
118 231
116 146
241 330
241 330
135 152
135 152
85 326
120 195
138 213
138 213
55 90
64 159
64 159
81 187
81 187
81 175
60 162
94 312
110 173
116 261
109 261
120 324
104 202
76 196
76 196
76 196
76 196
76 196
76 196
40 213
61 186
69 248
69 248
69 206
69 206
45 234
45 234
57 220
57 220
70 211
70 211
70 211
101 148
106 146
92 227
92 227
92 227
92 227
80 141
131 267
84 111
84 111
117 252
81 161
81 161
81 161
80 95
80 95
80 95
90 93
90 93
90 315
90 315
103 213
77 308
77 308
66 85
66 85
133 221
87 219
99 218
99 218
104 132
47 199
104 321
66 274
66 274
66 274
66 274
128 165
128 165
128 165
81 350
81 350
81 350
81 350
81 350
81 350
81 350
81 350
81 350
81 350
65 190
65 190
65 190
65 190
65 190
65 190
65 190
65 190
65 190
65 190
166 206
136 351
96 206
96 206
96 206
96 206
96 206
96 206
70 213
70 213
70 213
112 340
108 221
108 221
108 220
108 220
108 220
108 220
108 220
108 220
108 220
108 220
108 220
108 220
108 138
108 138
222 327
222 327
206 327
206 327
172 327
172 327
68 122
68 122
143 344
143 344
176 324
239 335
239 335
189 333
189 333
156 177
156 177
142 327
139 333
139 333
139 333
139 333
139 333
139 333
139 333
139 333
139 333
139 333
139 333
139 333
127 156
127 156
72 112
72 112
156 332
156 332
156 332
156 332
156 332
156 332
156 332
156 332
119 332
119 332
119 332
119 332
172 333
172 333
189 341
189 341
61 65
61 65
61 65
61 65
61 65
61 65
61 65
61 65
180 324
180 324
130 324
130 324
130 322
130 322
130 322
130 322
121 293
121 293
121 293
121 293
156 333
156 333
214 347
214 347
214 347
214 347
214 347
214 347
180 347
180 347
170 343
170 343
170 343
170 343
119 162
119 162
117 343
117 343
189 343
189 343
189 343
189 343
156 343
156 343
156 160
156 160
122 127
122 127
186 321
186 321
186 321
186 321
138 186
138 186
121 186
121 186
121 186
121 186
86 121
86 121
169 321
169 321
119 321
119 321
119 321
119 321
119 321
119 321
236 321
236 321
236 327
236 327
92 113
92 113
208 215
208 215
208 215
208 215
208 215
208 215
208 215
208 215
190 208
190 208
190 208
190 208
190 208
190 208
165 208
165 208
165 208
165 208
165 208
165 208
165 208
165 208
165 208
165 208
165 208
165 208
165 208
165 208
165 208
165 208
165 208
165 208
165 208
165 208
165 208
165 208
165 208
165 208
165 208
165 208
165 208
165 208
165 208
165 208
165 208
165 208
165 208
165 208
96 97
96 97
93 97
93 97
164 179
164 179
164 179
164 179
137 165
137 165
67 158
67 158
67 158
67 158
59 174
59 174
223 313
162 313
162 313
162 313
162 313
123 313
120 323
120 323
120 323
120 323
120 323
120 323
153 329
153 329
120 140
120 140
120 140
120 140
120 140
120 140
157 313
157 313
157 313
107 170
107 170
107 170
107 170
140 328
140 328
140 328
140 328
131 328
131 328
131 328
131 328
123 156
123 156
187 313
187 313
137 330
137 330
120 330
120 330
87 140
87 140
87 140
87 140
87 140
87 140
87 140
87 140
153 334
153 334
153 334
153 334
153 334
153 334
153 334
153 334
241 334
241 334
140 334
173 327
129 341
129 341
153 328
153 328
153 328
153 328
107 120
107 120
177 223
177 223
121 330
121 330
111 163
111 163
110 182
110 182
195 214
195 214
121 345
121 345
198 218
198 218
152 218
152 218
152 335
152 335
103 177
103 177
101 177
101 177
97 335
97 335
97 335
97 335
157 323
157 323
96 172
96 172
159 322
159 322
101 142
101 142
144 348
144 348
136 159
136 159
