191
-1
-1
65 240
65 240
84 273
84 273
94 297
94 297
87 126
58 141
58 141
116 115
90 128
90 128
90 128
142 184
87 168
87 168
87 168
87 168
87 168
124 177
76 183
58 160
58 160
58 160
51 173
51 173
58 138
58 138
58 138
50 168
50 168
50 168
51 138
51 138
51 138
192 321
192 321
166 311
215 367
215 367
215 367
154 348
201 360
201 360
97 137
97 137
135 297
135 297
84 297
84 297
182 321
82 219
82 219
82 219
82 219
164 248
153 173
143 277
143 314
143 314
184 272
164 179
164 179
164 179
156 350
156 350
156 350
119 341
119 341
251 345
251 345
90 198
175 311
182 308
122 296
43 202
43 202
137 346
137 346
118 313
78 138
78 138
78 138
78 138
78 138
78 138
78 138
78 138
150 162
150 162
132 245
132 245
105 133
105 133
92 294
92 294
113 249
113 249
200 255
114 303
114 303
114 303
120 222
120 222
120 222
120 222
224 404
224 404
224 404
224 404
166 445
166 445
166 445
166 445
131 262
131 262
211 237
156 169
109 247
108 139
220 307
220 307
145 158
145 158
80 313
112 180
129 196
129 196
52 97
61 174
61 174
77 174
77 174
85 182
59 154
91 297
118 167
112 241
100 251
132 333
105 216
73 177
73 177
73 177
73 177
73 177
73 177
41 207
62 193
72 255
72 255
63 202
63 202
46 245
46 245
59 228
59 228
74 203
74 203
74 203
98 159
110 145
96 242
96 242
96 242
96 242
74 127
125 280
78 120
78 120
113 254
85 172
85 172
85 172
76 95
76 95
76 95
99 91
99 91
99 303
99 303
109 196
81 338
81 338
72 90
72 90
146 240
95 198
102 231
102 231
114 125
