254
-1
-1
105 230
132 371
132 371
132 371
171 201
134 174
89 125
142 373
142 373
213 694
87 694
87 694
227 694
157 423
157 423
157 423
157 423
157 423
157 423
157 423
157 423
150 570
150 570
209 570
184 373
184 373
185 304
185 304
300 373
300 373
153 324
153 324
153 324
153 324
153 324
153 324
159 393
159 393
159 393
159 393
192 464
192 464
161 533
161 533
161 533
165 549
165 549
165 533
165 533
161 300
161 300
161 300
161 300
161 300
161 300
133 463
133 463
128 411
128 411
134 389
134 389
132 381
132 381
189 431
189 431
189 400
189 400
189 400
189 400
193 610
168 337
168 337
166 337
166 337
156 555
156 555
156 555
156 555
156 555
156 555
189 314
189 314
191 384
191 384
191 384
191 384
191 384
191 384
191 382
191 382
191 382
191 382
191 430
191 430
191 430
191 430
157 430
157 430
158 532
158 532
243 534
211 328
211 328
191 312
191 312
191 312
191 312
191 312
191 312
163 615
163 615
171 615
171 615
171 615
171 615
144 194
144 194
226 565
87 565
199 706
199 706
199 706
199 706
199 706
199 706
199 329
199 329
199 329
199 329
91 191
201 374
201 374
201 241
201 241
201 308
201 308
148 441
148 441
148 441
157 318
157 318
157 318
157 318
157 318
157 318
213 251
213 251
213 251
134 431
134 431
134 438
134 438
162 544
162 544
162 544
162 544
162 544
162 544
162 544
162 544
168 555
168 555
168 544
168 544
226 672
200 443
200 443
226 327
233 311
233 311
233 311
233 311
226 284
260 402
125 265
125 265
125 265
125 265
141 383
141 383
141 383
141 383
133 386
133 386
134 380
134 380
128 482
128 482
304 462
304 462
304 462
304 462
119 325
119 325
184 311
184 311
160 309
160 309
179 599
179 599
213 481
213 481
129 246
129 246
129 246
129 246
129 246
129 246
103 414
103 414
185 426
185 426
102 412
102 412
107 417
107 417
188 376
188 376
188 376
154 263
154 263
203 337
203 337
141 297
141 297
111 507
111 507
112 514
112 514
84 184
180 184
124 467
124 467
157 462
157 462
157 462
157 462
123 462
123 462
90 462
90 462
137 304
165 573
91 186
148 392
148 392
148 392
148 392
148 392
148 392
151 174
151 174
131 355
131 355
