123
-1
-1
183 417
183 417
183 417
183 417
104 327
104 327
152 629
152 629
152 629
151 629
151 629
151 629
151 629
151 366
151 366
151 366
151 366
151 366
151 366
115 426
115 426
111 462
111 462
111 427
111 427
92 399
92 399
114 334
114 334
197 401
109 451
109 451
109 451
109 451
109 451
109 451
108 451
108 451
108 451
108 451
108 451
108 451
106 451
106 451
125 188
125 188
111 188
182 371
182 371
182 371
182 371
182 371
182 371
158 273
158 273
271 465
271 465
235 271
235 271
191 271
191 271
230 516
230 516
230 516
230 516
205 531
205 531
205 531
205 531
205 531
205 531
205 531
205 531
155 386
249 328
249 328
249 328
249 328
249 328
155 253
155 253
155 356
155 356
155 356
155 356
229 617
229 617
229 616
229 616
167 312
167 312
190 426
218 454
246 303
138 371
138 371
284 371
371 388
371 454
166 306
166 306
218 403
164 559
164 559
89 379
405 680
325 735
172 174
172 174
172 174
172 174
172 174
172 174
217 341
154 329
154 329
101 477
212 393
212 393
139 558
139 558
139 558
335 736
