341
-1
-1
110 356
110 356
108 356
108 356
107 138
107 138
106 363
106 363
313 366
313 366
313 366
313 366
313 366
313 366
123 338
137 196
137 173
63 196
54 251
54 251
103 247
52 66
117 165
117 165
117 165
117 165
151 338
68 338
68 167
68 167
84 198
84 198
83 98
82 101
74 321
74 321
67 181
67 181
50 98
86 119
97 260
97 260
91 186
91 186
91 186
91 170
91 170
91 170
91 170
91 170
91 170
112 141
112 141
126 176
126 176
120 321
116 162
121 306
54 141
127 194
127 177
127 173
121 294
140 340
122 277
116 221
126 193
111 329
112 354
135 222
135 210
123 160
133 142
77 283
187 307
138 168
120 332
117 316
109 313
99 177
151 324
80 334
97 176
97 176
97 176
97 176
81 159
81 159
60 164
114 293
114 293
48 293
48 293
67 118
92 293
116 226
74 169
74 169
74 169
74 169
77 156
77 156
77 156
77 156
72 289
72 289
72 184
72 184
83 204
83 204
83 204
83 204
83 204
83 204
83 204
83 204
83 204
81 332
81 332
99 183
99 183
99 183
99 183
99 183
99 183
99 183
99 183
100 151
100 151
50 114
102 315
51 226
51 226
49 181
49 181
44 184
44 184
42 185
42 185
42 185
42 185
76 93
76 93
76 93
76 93
76 93
76 92
76 92
68 405
85 85
55 237
55 237
47 237
47 237
59 262
59 262
104 158
90 212
90 212
90 212
90 212
90 212
90 212
90 212
90 212
40 72
106 326
43 326
74 167
74 167
74 167
74 167
74 167
74 167
63 118
63 118
63 118
98 205
58 220
58 220
57 285
57 285
45 188
45 188
45 188
58 204
58 204
68 279
68 279
68 279
68 279
68 279
68 279
107 122
107 122
91 208
91 208
91 208
91 208
52 163
52 163
76 314
76 314
76 314
75 314
75 314
75 314
75 314
57 213
57 213
55 231
55 231
55 231
55 231
55 213
55 213
46 199
46 199
57 167
57 167
98 200
54 225
54 225
54 225
54 225
54 225
54 225
54 225
54 225
54 225
54 225
54 225
54 225
53 225
53 225
62 94
62 94
55 94
91 185
91 185
91 185
91 185
91 185
91 185
135 232
135 232
117 135
117 135
95 135
95 135
115 258
115 258
115 258
115 258
102 265
102 265
102 265
102 265
102 265
102 265
102 265
102 265
102 265
102 265
102 265
102 265
77 193
124 164
124 164
124 164
124 164
124 164
77 126
77 126
77 178
77 178
77 178
77 178
114 308
114 308
114 308
114 308
83 156
83 156
95 213
109 227
123 151
69 185
69 185
69 185
69 185
69 185
69 185
69 185
69 185
69 185
69 185
69 185
69 185
69 185
69 185
69 185
69 185
69 185
69 185
142 185
185 194
185 227
83 153
83 153
109 201
82 279
82 279
44 189
202 340
162 367
86 87
86 87
86 87
86 87
86 87
86 87
108 170
77 164
77 164
50 238
106 196
106 196
69 279
69 279
69 279
69 279
69 279
167 368
217 255
102 255
95 206
91 95
99 181
79 130
79 130
