221
-1
-1
295 434
295 434
195 393
195 393
203 759
203 759
261 703
261 703
508 654
351 671
371 643
371 643
371 643
371 643
304 573
304 573
304 573
275 458
275 458
233 357
131 670
207 585
404 652
251 395
232 413
199 705
199 705
199 705
634 658
368 653
124 382
124 382
124 382
124 382
124 382
124 382
124 315
124 315
378 654
378 654
174 496
142 448
142 448
402 700
402 700
273 646
102 169
211 261
411 432
119 260
119 260
256 680
304 304
304 304
250 252
260 688
200 558
200 558
230 416
230 416
230 250
347 644
206 424
107 413
107 413
102 403
102 403
169 169
169 169
169 169
169 169
169 169
169 169
116 511
116 511
104 490
104 490
248 850
119 530
119 530
114 483
114 483
240 358
245 303
245 303
245 303
245 303
245 303
245 303
255 421
255 391
237 595
237 625
380 624
380 624
155 679
155 679
187 679
187 679
164 376
164 376
164 376
164 376
164 376
164 376
164 310
164 310
164 310
164 310
175 720
87 720
194 578
194 578
194 578
194 578
112 527
112 527
112 527
112 527
112 527
112 527
112 527
112 527
112 527
112 527
172 440
172 440
230 249
186 505
123 242
154 305
174 470
185 574
185 574
185 574
187 566
187 566
131 553
131 553
101 364
101 364
101 364
112 454
112 454
114 450
114 450
113 419
113 419
277 379
177 349
147 334
147 334
147 334
147 334
147 334
147 334
147 334
147 334
131 148
131 148
123 148
133 330
133 330
133 330
133 330
187 389
187 389
104 191
153 437
153 437
176 379
176 379
176 379
176 379
180 334
180 334
180 334
180 334
155 644
155 644
103 373
103 373
155 360
155 360
155 360
155 360
155 360
155 360
155 360
155 360
155 293
155 293
261 404
261 404
261 404
261 404
261 404
188 212
212 412
184 369
184 369
188 247
188 247
188 247
188 247
188 247
188 247
155 236
155 236
155 236
155 236
139 223
364 500
364 533
282 292
282 292
282 292
282 292
282 292
133 464
133 464
