120
-1
-1
147 177
147 177
165 310
154 324
60 267
60 267
65 87
65 87
65 87
64 124
92 204
69 126
73 323
63 197
65 174
65 174
62 220
62 220
92 194
92 194
92 194
92 194
92 194
92 194
88 252
88 252
88 252
88 252
88 252
88 252
72 298
72 298
51 165
51 165
84 277
84 277
71 218
71 218
74 83
74 83
103 290
103 290
103 290
103 290
64 395
64 395
64 395
64 395
75 241
75 241
85 279
85 279
85 279
85 279
114 206
114 206
65 325
65 325
65 325
65 325
56 307
56 307
56 307
56 307
56 307
56 307
61 281
61 281
153 197
65 255
65 255
64 232
64 232
67 253
67 253
48 210
48 210
130 220
78 298
78 298
74 259
74 259
70 285
70 285
70 285
70 285
83 253
83 253
65 280
65 280
65 280
65 280
59 291
59 291
59 291
59 291
85 312
85 312
78 292
78 292
80 343
80 343
93 350
93 350
89 292
89 292
84 98
84 98
84 98
84 98
78 287
78 287
91 296
91 296
75 101
75 101
90 268
90 268
93 94
93 94
