139
-1
-1
282 392
282 392
261 666
230 625
192 313
192 313
201 329
254 385
254 385
267 289
267 289
326 582
326 582
195 625
195 625
317 699
317 699
317 699
317 699
317 699
317 699
317 699
317 699
317 699
317 699
317 699
317 699
234 266
234 266
234 266
234 266
234 266
234 266
208 297
208 297
208 297
208 297
303 610
303 610
297 658
297 658
297 658
297 658
297 658
297 658
297 658
297 658
198 252
198 252
234 582
234 582
161 342
161 342
161 342
161 342
139 472
139 472
392 678
392 678
359 633
359 633
359 633
359 633
359 633
359 633
388 672
388 672
388 672
388 672
388 672
388 672
388 672
388 672
388 672
388 672
265 696
265 696
265 696
265 696
315 722
315 722
182 290
182 290
305 675
305 675
266 575
271 679
271 679
266 624
325 709
325 709
320 744
302 340
302 340
316 371
289 730
289 730
289 730
289 730
289 730
289 730
289 730
289 730
289 730
391 682
254 589
295 619
332 626
232 305
232 305
261 627
167 291
167 291
167 291
167 291
293 380
293 380
151 306
151 306
413 470
413 470
207 347
207 347
261 566
261 566
241 285
241 285
257 532
257 532
252 624
252 624
252 624
252 624
187 575
187 575
231 314
231 314
231 314
231 314
