314
-1
-1
76 324
76 324
76 324
76 324
87 110
87 110
87 110
65 188
65 188
65 179
65 179
61 181
61 181
60 181
60 181
97 197
97 197
89 324
89 324
76 335
58 147
58 147
58 147
58 147
97 286
96 219
87 269
87 269
70 121
70 121
61 188
61 188
61 188
61 188
37 68
62 214
62 214
62 214
62 214
62 214
62 214
62 214
62 214
62 214
62 214
62 214
62 214
71 254
71 254
97 201
74 201
74 201
74 201
74 201
74 201
74 201
74 201
74 201
74 201
74 201
74 201
74 201
67 277
67 277
67 277
67 277
93 126
93 126
85 243
85 243
85 243
85 243
93 267
93 267
95 285
77 191
77 191
77 191
77 191
77 191
77 191
77 191
77 191
77 191
77 191
77 191
77 191
77 191
77 191
77 141
77 141
77 264
77 264
268 344
268 344
268 344
90 166
90 166
90 166
78 221
78 221
78 221
78 221
117 222
117 222
77 147
77 147
77 142
66 128
65 287
65 287
140 200
133 174
90 339
90 339
109 348
109 348
109 348
109 348
63 291
63 291
68 240
45 242
131 242
80 244
80 244
80 244
80 244
80 82
80 82
80 82
80 82
80 140
80 140
103 188
103 188
103 188
77 256
88 256
63 338
63 338
104 330
104 330
96 320
96 320
96 320
81 237
81 237
81 237
81 237
81 90
81 90
81 90
81 90
63 231
63 231
63 231
63 231
63 231
63 231
63 231
63 231
63 231
63 231
63 231
63 231
63 231
63 231
63 231
63 231
182 282
182 282
149 182
149 182
182 216
182 216
182 316
182 316
182 316
182 316
182 316
182 316
64 230
64 230
56 179
56 179
87 146
87 146
76 195
76 195
63 131
63 131
56 149
56 149
56 115
56 115
108 147
108 147
74 198
74 198
74 315
74 315
62 268
62 268
67 268
67 268
81 268
81 268
53 268
53 268
81 193
81 193
81 193
81 193
81 193
81 193
89 186
89 186
69 181
69 181
69 181
69 181
69 181
69 181
69 181
69 181
69 181
69 181
69 181
69 181
69 181
69 181
69 181
69 181
69 181
69 181
44 106
44 106
44 101
44 101
69 187
69 187
69 187
69 187
69 187
69 187
69 187
69 187
69 187
69 187
69 187
69 187
69 187
69 187
69 187
69 187
69 187
69 187
69 187
69 187
69 187
69 187
69 187
69 187
69 187
69 187
69 187
69 187
69 187
69 187
132 143
132 180
132 180
132 180
69 329
69 329
63 151
63 151
63 188
63 188
63 188
63 188
63 188
63 188
152 153
152 153
133 245
134 248
114 333
85 198
85 198
85 198
85 198
119 205
151 333
151 333
151 190
151 190
151 190
151 190
148 152
148 152
148 152
148 152
94 105
118 153
118 153
151 153
118 170
118 170
62 133
62 133
112 168
112 168
