240
-1
-1
189 327
189 327
87 248
71 224
71 224
201 350
201 350
136 323
51 84
105 130
205 216
59 130
59 130
128 340
152 152
152 152
125 126
130 344
100 279
100 279
115 208
115 208
115 125
173 322
103 212
53 206
53 206
51 201
51 201
84 84
84 84
84 84
84 84
84 84
84 84
58 255
58 255
52 245
52 245
124 425
59 265
59 265
57 241
57 241
120 179
122 151
122 151
122 151
122 151
122 151
122 151
127 210
127 195
118 297
118 312
190 312
190 312
77 339
77 339
93 339
93 339
82 188
82 188
82 188
82 188
82 188
82 188
87 360
43 360
97 289
97 289
97 289
97 289
56 263
56 263
56 263
56 263
56 263
56 263
56 263
56 263
56 263
56 263
86 220
86 220
115 124
93 252
61 121
77 152
87 235
92 287
92 287
92 287
93 283
93 283
65 276
65 276
50 182
50 182
50 182
56 227
56 227
57 225
57 225
56 209
56 209
138 189
88 174
73 167
73 167
73 167
73 167
73 167
73 167
73 167
73 167
65 74
65 74
61 74
66 165
66 165
66 165
66 165
93 194
93 194
52 95
76 218
76 218
88 189
88 189
88 189
88 189
90 167
90 167
90 167
90 167
77 322
77 322
51 186
51 186
77 180
77 180
77 180
77 180
77 180
77 180
77 180
77 180
77 146
77 146
130 202
130 202
130 202
130 202
130 202
94 106
106 206
92 184
92 184
94 123
94 123
94 123
94 123
94 123
94 123
77 118
77 118
77 118
77 118
69 111
182 250
182 266
141 146
141 146
141 146
141 146
141 146
66 232
66 232
91 286
91 286
91 286
91 286
91 286
91 286
77 277
77 277
77 277
77 277
84 272
84 272
84 272
84 272
84 272
84 272
68 261
68 261
85 223
85 223
90 164
90 164
92 322
92 322
113 165
105 162
100 158
100 158
113 155
143 154
97 154
97 154
97 154
97 154
97 154
97 154
136 143
136 143
74 320
74 320
74 320
74 320
74 320
74 320
74 320
74 320
135 162
158 328
158 328
160 321
160 321
95 270
95 270
158 183
158 183
158 183
158 183
83 158
83 158
83 158
83 158
