370
-1
-1
227 694
157 423
157 423
157 423
157 423
157 423
157 423
157 423
157 423
150 570
150 570
209 570
184 373
184 373
185 304
185 304
300 373
300 373
153 324
153 324
153 324
153 324
153 324
153 324
159 393
159 393
159 393
159 393
192 464
192 464
161 533
161 533
161 533
165 549
165 549
165 533
165 533
161 300
161 300
161 300
161 300
161 300
161 300
133 463
133 463
128 411
128 411
134 389
134 389
132 381
132 381
189 431
189 431
189 400
189 400
189 400
189 400
193 610
168 337
168 337
166 337
166 337
156 555
156 555
156 555
156 555
156 555
156 555
189 314
189 314
191 384
191 384
191 384
191 384
191 384
191 384
191 382
191 382
191 382
191 382
191 430
191 430
191 430
191 430
157 430
157 430
158 532
158 532
243 534
211 328
211 328
191 312
191 312
191 312
191 312
191 312
191 312
163 615
163 615
171 615
171 615
171 615
171 615
144 194
144 194
226 565
87 565
199 706
199 706
199 706
199 706
199 706
199 706
199 329
199 329
199 329
199 329
91 191
201 374
201 374
201 241
201 241
201 308
201 308
148 441
148 441
148 441
157 318
157 318
157 318
157 318
157 318
157 318
213 251
213 251
213 251
134 431
134 431
134 438
134 438
162 544
162 544
162 544
162 544
162 544
162 544
162 544
162 544
168 555
168 555
168 544
168 544
226 672
200 443
200 443
226 327
233 311
233 311
233 311
233 311
226 284
260 402
125 265
125 265
125 265
125 265
141 383
141 383
141 383
141 383
133 386
133 386
134 380
134 380
128 482
128 482
304 462
304 462
304 462
304 462
119 325
119 325
184 311
184 311
160 309
160 309
179 599
179 599
213 481
213 481
129 246
129 246
129 246
129 246
129 246
129 246
103 414
103 414
185 426
185 426
102 412
102 412
107 417
107 417
188 376
188 376
188 376
154 263
154 263
203 337
203 337
141 297
141 297
111 507
111 507
112 514
112 514
84 184
180 184
124 467
124 467
157 462
157 462
157 462
157 462
123 462
123 462
90 462
90 462
137 304
165 573
91 186
148 392
148 392
148 392
148 392
148 392
148 392
151 174
151 174
131 355
131 355
224 267
121 465
121 465
126 465
126 465
137 614
137 614
166 611
166 611
166 614
166 614
167 614
167 614
202 220
202 220
97 269
97 269
145 275
97 362
97 362
97 362
97 362
110 379
110 379
119 518
119 518
119 518
119 518
146 342
146 342
146 342
146 342
146 342
146 342
112 212
381 580
164 355
164 355
164 355
164 355
224 237
88 263
225 532
86 532
189 627
189 627
189 627
189 627
169 629
169 629
169 629
213 477
213 477
213 477
150 243
150 243
111 213
79 408
79 408
162 382
162 382
116 549
116 549
161 310
142 423
127 397
127 397
147 388
147 388
147 388
147 388
247 681
241 475
241 475
241 475
164 655
164 655
164 288
164 288
154 288
241 342
241 342
146 505
146 505
146 505
146 505
143 309
143 309
130 160
130 160
172 172
203 302
203 302
261 641
261 641
261 641
261 641
168 233
168 233
361 557
361 557
137 615
137 615
137 615
137 615
135 415
152 580
152 580
87 425
87 425
162 510
162 510
126 510
126 510
159 414
159 414
139 599
139 599
139 599
139 599
139 599
139 599
138 597
138 597
151 413
151 413
181 391
181 391
