341
-1
-1
128 327
128 327
124 334
124 334
113 377
113 377
207 414
207 414
171 585
171 585
154 611
154 611
157 696
119 302
119 302
119 302
119 302
211 515
180 409
157 587
157 587
130 246
130 246
130 383
130 383
130 383
130 383
74 135
121 459
121 459
121 459
121 459
121 459
121 459
121 459
121 459
121 459
121 459
121 459
121 459
155 548
155 548
205 382
158 362
158 362
158 362
158 362
158 362
158 362
158 362
158 362
158 362
158 362
158 362
158 362
138 511
138 511
138 511
138 511
176 264
176 264
175 477
175 477
175 477
175 477
187 561
187 561
174 531
146 371
146 371
146 371
146 371
146 371
146 371
146 371
146 371
146 371
146 371
146 371
146 371
146 371
146 371
145 298
145 298
140 487
140 487
499 722
499 722
499 722
182 307
182 307
182 307
160 417
160 417
160 417
160 417
257 457
257 457
155 317
155 317
160 295
141 379
141 379
141 379
141 379
141 379
141 379
141 379
141 379
141 379
141 379
141 379
141 379
141 379
141 379
142 268
143 552
143 552
267 376
291 379
166 699
166 699
232 684
232 684
232 684
232 684
134 542
134 542
141 518
94 465
277 498
174 537
174 537
174 537
174 537
176 153
176 153
176 153
176 153
162 308
162 308
199 413
199 413
199 413
156 552
193 547
132 671
132 671
193 648
193 648
126 553
126 553
192 622
192 622
192 622
165 461
165 461
165 461
165 461
178 193
178 193
178 193
178 193
133 504
133 504
133 504
133 504
133 504
133 504
133 504
133 504
133 504
133 504
133 504
133 504
133 504
133 504
133 504
133 504
347 532
347 532
273 351
273 351
351 415
351 415
390 663
390 663
390 663
390 663
390 663
390 663
125 483
125 483
114 348
114 348
187 295
187 295
142 398
142 398
119 286
119 286
113 284
113 284
120 243
120 243
210 323
210 323
135 385
135 385
158 612
158 612
136 483
136 483
140 584
140 584
169 504
169 504
97 547
97 547
170 384
170 384
170 384
170 384
170 384
170 384
195 340
195 340
136 349
136 349
136 349
136 349
136 349
136 349
136 349
136 349
136 349
136 349
136 349
136 349
136 349
136 349
136 349
136 349
136 349
136 349
89 208
89 208
92 184
92 184
143 352
143 352
143 352
143 352
143 352
143 352
143 352
143 352
143 352
143 352
143 352
143 352
143 352
143 352
143 352
143 352
143 352
143 352
143 352
143 352
143 352
143 352
143 352
143 352
143 352
143 352
143 352
143 352
143 352
143 352
288 266
291 325
291 325
291 325
137 348
137 348
137 348
137 348
137 348
137 348
137 348
137 348
137 348
137 348
137 348
137 348
137 348
137 348
137 348
137 348
147 606
147 606
127 329
127 329
115 347
115 347
115 347
115 347
115 347
115 347
195 577
195 577
195 577
195 577
319 733
319 733
319 733
319 733
295 277
295 277
241 482
279 506
232 358
224 634
183 411
183 411
183 411
183 411
250 395
329 614
329 614
308 377
308 377
308 377
308 377
282 298
282 298
282 298
282 298
177 209
222 325
222 325
