253
-1
-1
110 290
80 136
80 136
80 136
80 136
80 136
80 136
80 136
80 136
148 176
148 176
146 249
146 249
104 142
104 142
90 286
90 286
121 242
121 242
184 260
113 300
113 300
113 300
115 218
115 218
115 218
115 218
210 420
210 420
210 420
210 420
163 420
163 420
163 420
163 420
137 284
137 284
205 239
159 185
118 231
116 146
241 330
241 330
135 152
135 152
85 326
120 195
138 213
138 213
55 90
64 159
64 159
81 187
81 187
81 175
60 162
94 312
110 173
116 261
109 261
120 324
104 202
76 196
76 196
76 196
76 196
76 196
76 196
40 213
61 186
69 248
69 248
69 206
69 206
45 234
45 234
57 220
57 220
70 211
70 211
70 211
101 148
106 146
92 227
92 227
92 227
92 227
80 141
131 267
84 111
84 111
117 252
81 161
81 161
81 161
80 95
80 95
80 95
90 93
90 93
90 315
90 315
103 213
77 308
77 308
66 85
66 85
133 221
87 219
99 218
99 218
104 132
47 199
104 321
66 274
66 274
66 274
66 274
128 165
128 165
128 165
81 350
81 350
81 350
81 350
81 350
81 350
81 350
81 350
81 350
81 350
65 190
65 190
65 190
65 190
65 190
65 190
65 190
65 190
65 190
65 190
166 206
136 351
96 206
96 206
96 206
96 206
96 206
96 206
70 213
70 213
70 213
112 340
108 221
108 221
108 220
108 220
108 220
108 220
108 220
108 220
108 220
108 220
108 220
108 220
108 138
108 138
222 327
222 327
206 327
206 327
172 327
172 327
68 122
68 122
143 344
143 344
176 324
239 335
239 335
189 333
189 333
156 177
156 177
142 327
139 333
139 333
139 333
139 333
139 333
139 333
139 333
139 333
139 333
139 333
139 333
139 333
127 156
127 156
72 112
72 112
156 332
156 332
156 332
156 332
156 332
156 332
156 332
156 332
119 332
119 332
119 332
119 332
172 333
172 333
189 341
189 341
61 65
61 65
61 65
61 65
61 65
61 65
61 65
61 65
180 324
180 324
130 324
130 324
130 322
130 322
130 322
130 322
121 293
121 293
121 293
121 293
156 333
156 333
214 347
214 347
214 347
214 347
214 347
214 347
180 347
180 347
170 343
170 343
170 343
170 343
119 162
119 162
