363
-1
-1
153 187
153 187
153 187
153 187
153 187
153 184
153 184
137 810
170 170
111 474
111 474
94 474
94 474
119 524
119 524
209 317
180 424
180 424
180 424
180 424
180 424
180 424
180 424
180 424
81 144
213 652
86 652
148 335
148 335
148 335
148 335
148 335
148 335
126 237
126 237
126 237
197 410
117 441
117 441
115 570
115 570
91 377
116 409
116 409
137 559
137 559
137 559
137 559
137 559
137 559
215 244
215 244
183 417
183 417
183 417
183 417
104 327
104 327
152 629
152 629
152 629
151 629
151 629
151 629
151 629
151 366
151 366
151 366
151 366
151 366
151 366
115 426
115 426
111 462
111 462
111 427
111 427
92 399
92 399
114 334
114 334
197 401
109 451
109 451
109 451
109 451
109 451
109 451
108 451
108 451
108 451
108 451
108 451
108 451
106 451
106 451
125 188
125 188
111 188
182 371
182 371
182 371
182 371
182 371
182 371
158 273
158 273
271 465
271 465
235 271
235 271
191 271
191 271
230 516
230 516
230 516
230 516
205 531
205 531
205 531
205 531
205 531
205 531
205 531
205 531
155 386
249 328
249 328
249 328
249 328
249 328
155 253
155 253
155 356
155 356
155 356
155 356
229 617
229 617
229 616
229 616
167 312
167 312
190 426
218 454
246 303
138 371
138 371
284 371
371 388
371 454
166 306
166 306
218 403
164 559
164 559
89 379
405 680
325 735
172 174
172 174
172 174
172 174
172 174
172 174
217 341
154 329
154 329
101 477
212 393
212 393
139 558
139 558
139 558
335 736
435 511
204 511
191 413
182 191
199 362
159 260
159 260
139 528
182 372
471 598
255 652
269 331
170 307
338 655
171 335
171 335
171 335
171 335
171 335
171 335
171 335
171 335
134 577
253 359
209 419
156 418
129 256
129 256
255 650
253 293
146 435
146 435
146 435
146 435
146 435
146 435
146 435
146 435
146 435
280 435
343 371
218 317
158 419
158 419
158 419
179 303
263 320
97 392
244 651
214 357
214 357
242 672
242 672
320 671
320 671
152 255
132 390
160 262
141 583
141 583
192 287
192 287
192 287
211 305
129 415
129 415
129 396
129 396
129 396
129 396
129 363
129 363
129 363
129 363
129 363
129 363
129 363
129 363
129 296
129 296
101 515
101 515
101 515
101 515
101 515
101 515
136 442
136 442
136 442
136 442
136 442
136 442
136 442
136 442
161 380
161 380
161 380
159 331
159 331
159 331
159 331
202 325
202 325
150 322
150 322
150 322
181 312
181 312
182 312
182 312
182 312
163 259
163 259
148 591
148 591
119 442
119 442
202 439
202 439
93 414
93 414
130 411
130 411
136 409
136 409
136 409
136 409
130 407
130 407
130 407
130 407
161 331
161 331
161 331
161 271
161 271
161 271
160 544
160 544
144 544
144 544
144 544
144 544
144 517
144 517
141 517
141 517
222 466
222 466
127 461
127 461
161 276
161 276
135 266
135 266
135 266
135 266
135 266
135 266
158 569
158 569
158 569
158 569
201 501
100 296
100 296
90 377
90 377
315 585
315 585
268 644
148 295
132 435
132 435
132 435
132 435
132 435
132 435
253 398
253 398
160 395
160 395
160 395
160 395
160 395
160 395
160 395
160 395
