187
-1
-1
118 481
118 481
118 481
118 481
118 481
118 481
118 481
118 481
118 481
118 481
118 481
118 481
118 481
118 481
118 481
118 481
336 621
336 621
276 379
276 379
347 420
347 420
394 695
394 695
394 695
394 695
394 695
394 695
134 442
134 442
116 372
116 372
164 273
164 273
140 406
140 406
121 284
121 284
120 324
120 324
122 232
122 232
233 286
233 286
156 399
156 399
135 599
135 599
118 541
118 541
143 483
143 483
176 557
176 557
105 542
105 542
171 357
171 357
171 357
171 357
171 357
171 357
174 370
174 370
137 338
137 338
137 338
137 338
137 338
137 338
137 338
137 338
137 338
137 338
137 338
137 338
137 338
137 338
137 338
137 338
137 338
137 338
85 222
85 222
94 206
94 206
146 411
146 411
146 411
146 411
146 411
146 411
146 411
146 411
146 411
146 411
146 411
146 411
146 411
146 411
146 411
146 411
146 411
146 411
146 411
146 411
146 411
146 411
146 411
146 411
146 411
146 411
146 411
146 411
146 411
146 411
260 306
263 340
263 340
263 340
126 345
126 345
126 345
126 345
126 345
126 345
126 345
126 345
126 345
126 345
126 345
126 345
126 345
126 345
126 345
126 345
139 723
139 723
138 305
138 305
134 407
134 407
134 407
134 407
134 407
134 407
189 520
189 520
189 520
189 520
301 607
301 607
301 607
301 607
331 316
331 316
283 462
285 463
252 361
248 634
173 435
173 435
173 435
173 435
241 427
314 707
314 707
278 350
278 350
278 350
278 350
307 322
307 322
307 322
307 322
191 223
227 280
227 280
278 289
240 344
240 344
120 288
120 288
204 342
204 342
158 345
158 345
