98
-1
-1
173 605
173 605
197 204
197 204
174 601
174 601
172 532
172 532
166 206
166 206
166 206
166 206
175 565
175 565
188 537
188 537
198 535
198 535
198 182
198 182
172 641
172 641
158 690
158 690
168 696
168 696
168 728
168 728
165 668
165 668
165 668
165 668
158 620
158 620
158 620
158 620
174 718
174 718
168 656
168 656
166 673
166 673
134 468
134 468
149 472
149 472
165 638
165 638
165 497
165 497
174 246
108 286
108 286
214 266
170 239
170 239
170 239
253 326
150 302
272 352
167 438
103 370
103 370
103 370
101 321
101 321
105 259
105 259
105 259
118 288
118 288
118 288
110 296
110 296
110 296
398 726
398 726
347 688
512 734
512 734
512 734
298 638
448 734
448 734
199 250
199 250
271 584
271 584
158 590
158 590
405 629
144 447
326 476
304 356
290 635
335 640
335 640
336 465
