158
-1
-1
47 237
47 237
59 262
59 262
104 158
90 212
90 212
90 212
90 212
90 212
90 212
90 212
90 212
40 72
106 326
43 326
74 167
74 167
74 167
74 167
74 167
74 167
63 118
63 118
63 118
98 205
58 220
58 220
57 285
57 285
45 188
45 188
45 188
58 204
58 204
68 279
68 279
68 279
68 279
68 279
68 279
107 122
107 122
91 208
91 208
91 208
91 208
52 163
52 163
76 314
76 314
76 314
75 314
75 314
75 314
75 314
57 213
57 213
55 231
55 231
55 231
55 231
55 213
55 213
46 199
46 199
57 167
57 167
98 200
54 225
54 225
54 225
54 225
54 225
54 225
54 225
54 225
54 225
54 225
54 225
54 225
53 225
53 225
62 94
62 94
55 94
91 185
91 185
91 185
91 185
91 185
91 185
135 232
135 232
117 135
117 135
95 135
95 135
115 258
115 258
115 258
115 258
102 265
102 265
102 265
102 265
102 265
102 265
102 265
102 265
102 265
102 265
102 265
102 265
77 193
124 164
124 164
124 164
124 164
124 164
77 126
77 126
77 178
77 178
77 178
77 178
114 308
114 308
114 308
114 308
83 156
83 156
95 213
109 227
123 151
69 185
69 185
69 185
69 185
69 185
69 185
69 185
69 185
69 185
69 185
69 185
69 185
69 185
69 185
69 185
69 185
69 185
69 185
142 185
185 194
185 227
83 153
83 153
