227
-1
-1
72 259
72 259
63 297
63 297
63 297
63 297
74 253
74 253
65 291
65 291
65 291
65 291
58 299
58 299
58 299
58 299
91 287
91 287
74 295
74 295
80 350
80 350
89 310
89 310
87 301
87 301
80 88
80 88
80 88
80 88
78 287
78 287
77 302
77 302
79 102
79 102
83 302
83 302
84 96
84 96
97 303
97 303
92 99
92 99
98 99
98 99
98 99
98 99
98 99
98 99
98 99
98 99
91 97
91 97
87 262
87 262
90 280
90 280
90 280
90 280
92 96
92 96
92 96
92 96
92 96
92 96
94 269
94 269
85 302
85 302
93 287
93 287
85 316
85 316
90 363
90 363
89 352
89 352
83 335
83 335
92 317
92 317
92 317
92 317
92 317
92 317
88 346
88 346
88 346
88 346
79 355
79 355
84 358
84 358
76 234
76 234
65 240
65 240
84 273
84 273
94 297
94 297
87 126
58 141
58 141
116 115
90 128
90 128
90 128
142 184
87 168
87 168
87 168
87 168
87 168
124 177
76 183
58 160
58 160
58 160
51 173
51 173
58 138
58 138
58 138
50 168
50 168
50 168
51 138
51 138
51 138
192 321
192 321
166 311
215 367
215 367
215 367
154 348
201 360
201 360
97 137
97 137
135 297
135 297
84 297
84 297
182 321
82 219
82 219
82 219
82 219
164 248
153 173
143 277
143 314
143 314
184 272
164 179
164 179
164 179
156 350
156 350
156 350
119 341
119 341
251 345
251 345
90 198
175 311
182 308
122 296
43 202
43 202
137 346
137 346
118 313
78 138
78 138
78 138
78 138
78 138
78 138
78 138
78 138
150 162
150 162
132 245
132 245
105 133
105 133
92 294
92 294
113 249
113 249
200 255
114 303
114 303
114 303
120 222
120 222
120 222
120 222
224 404
224 404
224 404
224 404
166 445
166 445
166 445
166 445
131 262
131 262
211 237
156 169
109 247
108 139
220 307
220 307
145 158
145 158
80 313
112 180
129 196
129 196
52 97
61 174
61 174
