457
-1
-1
122 300
79 155
68 227
68 227
68 227
68 227
68 227
68 227
114 202
114 202
114 202
114 202
80 208
80 208
80 208
80 208
80 208
80 208
80 208
80 208
78 196
78 196
78 196
78 196
78 196
78 196
102 172
88 125
86 135
86 135
77 98
77 98
64 68
64 68
82 151
82 151
155 317
155 317
96 139
96 139
235 318
235 318
95 284
95 284
65 273
65 273
62 264
62 264
65 277
65 277
65 267
65 267
137 236
54 243
54 243
54 243
54 243
54 243
54 243
54 243
54 243
54 243
54 243
122 122
133 300
138 303
117 264
132 258
160 267
121 149
105 162
100 126
173 306
113 335
113 335
161 359
161 359
161 359
161 359
199 301
199 301
199 301
199 301
143 312
143 312
94 297
94 297
107 330
107 330
190 278
190 278
173 275
173 275
163 290
163 290
157 275
157 275
119 332
119 332
118 199
118 199
170 184
170 184
112 178
112 178
95 130
95 130
111 118
111 118
111 118
111 118
111 118
111 118
111 118
111 118
104 309
92 152
92 152
76 162
76 162
76 162
76 162
81 227
81 227
80 279
80 279
80 279
80 279
80 279
80 279
80 279
80 279
80 279
80 279
80 279
80 279
80 279
80 279
80 279
80 279
64 183
107 211
107 211
107 211
107 211
107 211
107 211
85 197
85 197
86 141
86 141
86 141
72 148
72 148
72 148
70 86
62 176
62 176
74 336
74 336
74 336
150 158
174 184
174 184
174 184
71 345
71 345
71 345
71 345
81 321
81 321
81 321
81 321
81 321
81 321
74 169
74 169
75 176
75 176
75 176
75 176
81 304
81 304
72 308
72 308
72 308
72 308
90 114
90 114
90 114
60 183
60 183
70 195
70 195
65 163
65 163
55 188
55 188
89 192
89 192
91 356
91 356
70 322
57 158
57 158
57 158
57 158
102 303
104 217
81 253
81 253
72 113
72 113
65 203
65 203
65 203
65 203
39 68
58 212
58 212
58 212
58 212
58 212
58 212
58 212
58 212
58 212
58 212
58 212
58 212
76 252
76 252
105 185
72 219
72 219
72 219
72 219
72 219
72 219
72 219
72 219
72 219
72 219
72 219
72 219
66 293
66 293
66 293
66 293
84 129
84 129
77 234
77 234
77 234
77 234
102 293
102 293
88 296
83 176
83 176
83 176
83 176
83 176
83 176
83 176
83 176
83 176
83 176
83 176
83 176
83 176
83 176
75 143
75 143
73 269
73 269
273 314
273 314
273 314
88 172
88 172
88 172
75 210
75 210
75 210
75 210
110 244
110 244
79 145
79 145
82 154
65 117
68 282
68 282
126 206
136 182
90 366
90 366
110 372
110 372
110 372
110 372
66 274
66 274
65 219
44 240
130 263
76 265
76 265
76 265
76 265
78 89
78 89
78 89
78 89
84 145
84 145
102 189
102 189
102 189
77 279
95 279
64 335
64 335
111 307
111 307
93 342
93 342
93 342
80 230
80 230
80 230
80 230
82 88
82 88
82 88
82 88
60 235
60 235
60 235
60 235
60 235
60 235
60 235
60 235
60 235
60 235
60 235
60 235
60 235
60 235
60 235
60 235
200 254
200 254
139 198
139 198
168 237
168 237
168 291
168 291
168 291
168 291
168 291
168 291
60 241
60 241
53 174
53 174
84 156
84 156
72 208
72 208
62 142
62 142
59 157
59 157
53 111
53 111
115 134
115 134
77 207
77 207
78 346
78 346
63 276
63 276
67 289
67 289
89 255
89 255
58 289
58 289
76 210
76 210
76 210
76 210
76 210
76 210
81 179
81 179
71 178
71 178
71 178
71 178
71 178
71 178
71 178
71 178
71 178
71 178
71 178
71 178
71 178
71 178
71 178
71 178
71 178
71 178
41 110
41 110
42 103
42 103
66 180
66 180
66 180
66 180
66 180
66 180
66 180
66 180
66 180
66 180
66 180
66 180
66 180
66 180
66 180
66 180
66 180
66 180
66 180
66 180
66 180
66 180
66 180
66 180
66 180
66 180
66 180
66 180
66 180
66 180
125 135
121 198
121 198
121 198
