407
-1
-1
184 294
184 294
185 333
185 333
185 333
177 249
177 249
158 614
158 614
124 434
124 434
190 474
190 474
88 455
88 455
141 383
141 383
146 421
146 421
146 421
146 421
132 431
132 431
132 431
132 431
160 322
160 322
160 322
152 253
152 253
152 253
154 554
154 554
146 490
146 490
146 490
146 490
132 537
132 537
145 558
145 558
228 507
228 507
129 434
129 434
172 284
172 284
127 276
127 276
127 276
127 276
127 276
127 276
173 558
173 558
173 558
173 558
203 496
109 319
109 319
99 388
99 388
327 556
327 556
258 689
143 315
131 427
131 427
131 427
131 427
131 427
131 427
233 437
233 437
172 392
172 392
172 392
172 392
172 392
172 392
172 392
172 392
187 393
187 393
187 393
187 393
187 393
187 393
213 397
199 242
171 260
171 260
166 184
166 184
131 212
147 133
147 133
176 286
176 286
317 553
317 553
201 296
201 296
448 630
448 630
215 655
215 655
139 598
139 598
124 606
124 606
120 615
120 615
125 533
125 533
249 531
92 447
92 447
92 447
92 447
92 447
92 447
92 447
92 447
92 447
92 447
217 254
270 580
291 583
223 521
265 547
300 490
105 450
105 450
210 295
227 305
196 251
374 620
209 782
209 782
330 596
330 596
330 596
330 596
379 648
379 648
379 648
379 648
251 587
251 587
201 675
201 675
225 569
225 569
449 664
449 664
365 646
365 646
355 568
355 568
306 646
306 646
263 610
263 610
218 402
218 402
341 441
341 441
227 309
227 309
219 265
219 265
258 230
258 230
258 230
258 230
258 230
258 230
258 230
258 230
218 642
201 328
201 328
154 347
154 347
154 347
154 347
153 406
153 406
148 636
148 636
148 636
148 636
148 636
148 636
148 636
148 636
148 636
148 636
148 636
148 636
148 636
148 636
148 636
148 636
137 321
218 377
218 377
218 377
218 377
218 377
218 377
173 370
173 370
150 262
150 262
150 262
134 309
134 309
134 309
139 203
128 416
128 416
152 660
152 660
152 660
294 343
299 366
299 366
299 366
168 666
168 666
168 666
168 666
167 595
167 595
167 595
167 595
167 595
167 595
152 346
152 346
146 372
146 372
146 372
146 372
146 659
146 659
158 680
158 680
169 202
169 202
169 202
144 409
144 409
133 342
133 342
135 356
135 356
118 353
118 353
213 398
213 398
166 655
166 655
152 617
152 617
168 617
126 271
126 271
126 271
126 271
205 629
204 469
180 513
180 513
127 261
127 261
120 350
120 350
120 350
120 350
81 142
120 399
120 399
120 399
120 399
120 399
120 399
120 399
120 399
120 399
120 399
120 399
120 399
148 498
148 498
191 442
159 366
159 366
159 366
159 366
159 366
159 366
159 366
159 366
159 366
159 366
159 366
159 366
121 588
121 588
121 588
121 588
201 262
201 262
176 505
176 505
176 505
176 505
189 572
189 572
190 565
156 416
156 416
156 416
156 416
156 416
156 416
156 416
156 416
156 416
156 416
156 416
156 416
156 416
156 416
162 280
162 280
170 492
170 492
578 640
578 640
578 640
163 336
163 336
163 336
162 478
162 478
162 478
162 478
255 409
255 409
160 317
160 317
155 292
156 401
156 401
156 401
156 401
156 401
156 401
156 401
156 401
156 401
156 401
156 401
156 401
156 401
156 401
139 233
133 564
133 564
262 392
280 345
164 733
164 733
202 703
202 703
202 703
202 703
131 587
131 587
137 518
91 498
264 446
152 513
152 513
152 513
152 513
144 151
144 151
144 151
144 151
160 282
160 282
219 379
219 379
219 379
161 507
181 542
120 650
120 650
215 713
215 713
133 602
133 602
