148
-1
-1
227 694
157 423
157 423
157 423
157 423
157 423
157 423
157 423
157 423
150 570
150 570
209 570
184 373
184 373
185 304
185 304
300 373
300 373
153 324
153 324
153 324
153 324
153 324
153 324
159 393
159 393
159 393
159 393
192 464
192 464
161 533
161 533
161 533
165 549
165 549
165 533
165 533
161 300
161 300
161 300
161 300
161 300
161 300
133 463
133 463
128 411
128 411
134 389
134 389
132 381
132 381
189 431
189 431
189 400
189 400
189 400
189 400
193 610
168 337
168 337
166 337
166 337
156 555
156 555
156 555
156 555
156 555
156 555
189 314
189 314
191 384
191 384
191 384
191 384
191 384
191 384
191 382
191 382
191 382
191 382
191 430
191 430
191 430
191 430
157 430
157 430
158 532
158 532
243 534
211 328
211 328
191 312
191 312
191 312
191 312
191 312
191 312
163 615
163 615
171 615
171 615
171 615
171 615
144 194
144 194
226 565
87 565
199 706
199 706
199 706
199 706
199 706
199 706
199 329
199 329
199 329
199 329
91 191
201 374
201 374
201 241
201 241
201 308
201 308
148 441
148 441
148 441
157 318
157 318
157 318
157 318
157 318
157 318
213 251
213 251
213 251
134 431
134 431
134 438
134 438
162 544
162 544
162 544
162 544
162 544
162 544
162 544
162 544
