246
-1
-1
76 168
76 168
76 168
76 168
76 168
76 168
76 119
76 119
97 275
77 102
77 102
114 183
114 183
114 183
114 183
113 183
113 183
113 183
113 183
114 117
114 117
114 117
114 117
74 207
74 207
74 207
74 207
74 206
74 206
74 206
74 206
85 204
85 204
85 204
85 204
85 204
85 204
85 204
85 204
85 204
85 204
85 204
85 204
85 155
85 155
74 334
74 334
92 175
92 175
92 175
92 175
92 175
92 175
85 175
85 175
85 175
93 154
99 294
41 294
63 279
63 279
63 279
63 279
63 279
63 279
42 183
83 135
61 133
61 133
92 275
92 275
67 275
67 275
93 273
93 273
115 236
169 335
100 298
93 113
93 113
166 251
90 218
127 258
113 228
113 228
111 228
111 228
114 225
114 225
77 135
52 77
87 224
87 224
87 224
87 224
129 285
153 287
153 202
112 283
112 283
73 402
73 402
108 180
108 180
108 180
146 342
120 269
104 340
104 340
137 292
137 292
98 302
97 302
185 332
184 332
184 332
140 174
140 174
140 174
140 332
140 332
140 332
100 126
100 126
133 326
133 326
133 326
133 326
133 326
133 326
137 326
137 326
190 333
190 333
190 333
190 333
174 326
174 326
170 326
170 326
87 328
87 328
154 326
153 326
140 311
140 311
124 311
124 311
138 326
138 326
138 326
138 326
176 240
176 240
112 326
112 326
156 345
156 345
156 345
94 199
94 199
148 180
148 180
136 366
126 157
126 157
126 157
126 157
126 157
126 157
136 233
136 233
136 233
136 233
136 166
136 166
136 166
136 166
136 166
136 166
184 191
184 191
67 142
67 142
67 142
67 142
67 142
67 142
67 142
67 142
67 142
67 142
67 142
67 142
67 142
67 142
67 142
67 142
183 326
183 326
93 142
93 142
79 306
79 306
219 232
219 232
219 233
219 233
126 224
126 224
165 316
165 316
160 316
160 316
160 316
83 102
83 102
156 301
156 301
137 329
137 329
138 329
138 329
157 328
157 328
157 371
157 371
157 371
157 371
90 145
90 145
124 335
124 335
165 335
165 335
153 186
153 186
173 333
140 321
57 278
57 278
63 87
63 87
63 87
64 137
98 186
