113
-1
-1
381 580
164 355
164 355
164 355
164 355
224 237
88 263
225 532
86 532
189 627
189 627
189 627
189 627
169 629
169 629
169 629
213 477
213 477
213 477
150 243
150 243
111 213
79 408
79 408
162 382
162 382
116 549
116 549
161 310
142 423
127 397
127 397
147 388
147 388
147 388
147 388
247 681
241 475
241 475
241 475
164 655
164 655
164 288
164 288
154 288
241 342
241 342
146 505
146 505
146 505
146 505
143 309
143 309
130 160
130 160
172 172
203 302
203 302
261 641
261 641
261 641
261 641
168 233
168 233
361 557
361 557
137 615
137 615
137 615
137 615
135 415
152 580
152 580
87 425
87 425
162 510
162 510
126 510
126 510
159 414
159 414
139 599
139 599
139 599
139 599
139 599
139 599
138 597
138 597
151 413
151 413
181 391
181 391
151 391
151 391
151 391
151 391
151 367
151 367
151 367
151 367
151 367
151 274
151 274
181 252
181 252
151 252
151 252
151 252
151 252
105 394
105 394
132 351
