433
-1
-1
166 232
145 174
145 174
145 174
142 324
142 324
142 324
115 364
115 364
215 292
215 292
77 169
195 332
186 288
113 329
42 231
42 231
158 293
158 293
101 282
84 140
84 140
84 140
84 140
84 140
84 140
84 140
84 140
143 166
143 166
133 240
133 240
111 149
111 149
86 284
86 284
125 228
125 228
191 265
109 315
109 315
109 315
121 208
121 208
121 208
121 208
198 445
198 445
198 445
198 445
160 395
160 395
160 395
160 395
131 306
131 306
189 218
144 196
126 227
127 159
239 349
239 349
122 146
122 146
89 304
111 206
126 207
126 207
58 92
69 152
69 152
80 176
80 176
85 192
61 170
93 343
108 181
124 251
116 259
121 321
95 218
77 181
77 181
77 181
77 181
77 181
77 181
39 205
63 172
72 246
72 246
68 202
68 202
47 223
47 223
58 207
58 207
71 225
71 225
71 225
97 137
114 138
92 225
92 225
92 225
92 225
72 137
140 254
76 104
76 104
122 245
82 170
82 170
82 170
82 95
82 95
82 95
81 84
81 84
82 300
82 300
94 207
81 314
81 314
72 89
72 89
120 232
81 200
107 224
107 224
106 130
46 186
112 330
68 253
68 253
68 253
68 253
126 162
126 162
126 162
88 319
88 319
88 319
88 319
88 319
88 319
88 319
88 319
88 319
88 319
64 193
64 193
64 193
64 193
64 193
64 193
64 193
64 193
64 193
64 193
165 226
132 365
92 190
92 190
92 190
92 190
92 190
92 190
70 221
70 221
70 221
104 353
110 204
110 204
110 214
110 214
110 214
110 214
110 214
110 214
110 214
110 214
110 214
110 214
106 139
106 139
230 333
230 333
208 340
208 340
185 336
185 336
62 114
62 114
153 324
153 324
159 315
248 332
248 332
206 320
206 320
141 170
141 170
131 324
128 352
128 352
128 352
128 352
128 352
128 352
128 352
128 352
128 352
128 352
128 352
128 352
115 165
115 165
78 104
78 104
170 299
170 299
170 299
170 299
170 299
170 299
170 299
170 299
109 355
109 355
109 355
109 355
178 330
178 330
172 371
172 371
66 68
66 68
66 68
66 68
66 68
66 68
66 68
66 68
173 299
173 299
137 321
137 321
139 306
139 306
139 306
139 306
120 285
120 285
120 285
120 285
159 349
159 349
204 353
204 353
204 353
204 353
204 353
204 353
171 316
171 316
178 356
178 356
178 356
178 356
117 150
117 150
119 323
119 323
192 370
192 370
192 370
192 370
157 370
157 370
152 169
152 169
118 124
118 124
200 349
200 349
200 349
200 349
140 189
140 189
115 204
115 204
115 204
115 204
94 109
94 109
163 302
163 302
115 299
115 299
115 299
115 299
115 299
115 299
257 327
257 327
259 295
259 295
89 124
89 124
226 207
226 207
226 207
226 207
226 207
226 207
226 207
226 207
189 206
189 206
189 206
189 206
189 206
189 206
178 200
178 200
178 200
178 200
178 200
178 200
178 200
178 200
178 200
178 200
178 200
178 200
178 200
178 200
178 200
178 200
178 200
178 200
178 200
178 200
178 200
178 200
178 200
178 200
178 200
178 200
178 200
178 200
178 200
178 200
178 200
178 200
178 200
178 200
101 97
101 97
88 90
88 90
172 163
172 163
172 163
172 163
129 156
129 156
73 170
73 170
73 170
73 170
61 182
61 182
210 338
156 338
156 338
156 338
156 338
119 304
116 339
116 339
116 339
116 339
116 339
116 339
146 323
146 323
110 136
110 136
110 136
110 136
110 136
110 136
167 288
167 288
167 288
111 176
111 176
111 176
111 176
128 347
128 347
128 347
128 347
121 299
121 299
121 299
121 299
115 144
115 144
192 310
192 310
136 314
136 314
116 301
116 301
81 131
81 131
81 131
81 131
81 131
81 131
81 131
81 131
152 360
152 360
152 360
152 360
152 360
152 360
152 360
152 360
