139
-1
-1
94 321
182 233
132 392
65 250
72 369
73 81
90 197
190 349
161 313
161 313
161 313
161 313
161 313
161 313
159 162
159 162
141 181
141 181
141 181
141 181
172 346
172 346
172 346
172 346
172 346
172 346
172 346
132 156
132 156
132 156
132 156
139 352
139 352
139 352
139 352
139 352
139 352
124 315
124 315
124 315
233 320
233 320
233 320
179 184
179 184
196 357
196 357
196 357
196 357
196 357
196 357
196 357
196 357
111 311
111 311
113 132
113 132
113 132
113 132
113 132
113 132
146 357
146 357
146 357
146 357
167 342
167 342
146 319
146 319
132 286
117 177
117 177
74 122
74 122
209 348
218 329
186 342
186 342
205 358
205 358
233 342
233 342
157 358
157 358
157 358
147 324
147 324
144 300
144 300
164 280
164 280
242 294
242 294
106 126
106 126
127 300
127 300
127 300
127 300
194 353
194 353
194 353
194 353
123 299
123 299
123 299
123 299
123 299
123 299
145 135
145 135
146 340
146 340
146 340
146 340
146 340
146 340
125 197
125 197
123 165
123 165
123 165
123 165
123 165
123 165
123 165
123 165
180 377
180 377
103 376
103 376
113 314
113 314
220 288
220 288
154 292
154 292
147 323
147 323
