190
-1
-1
140 426
140 426
140 426
224 681
216 443
216 443
216 440
216 440
216 440
216 440
216 440
216 440
216 440
216 440
216 440
216 440
216 277
216 277
445 654
445 654
412 654
412 654
345 654
345 654
137 245
137 245
286 689
286 689
352 649
478 670
478 670
379 666
379 666
312 354
312 354
285 654
278 666
278 666
278 666
278 666
278 666
278 666
278 666
278 666
278 666
278 666
278 666
278 666
254 312
254 312
145 224
145 224
312 664
312 664
312 664
312 664
312 664
312 664
312 664
312 664
238 664
238 664
238 664
238 664
345 666
345 666
379 682
379 682
122 130
122 130
122 130
122 130
122 130
122 130
122 130
122 130
360 648
360 648
260 648
260 648
260 645
260 645
242 586
242 586
242 586
242 586
313 666
313 666
428 695
428 695
428 695
428 695
428 695
428 695
361 695
361 695
340 687
340 687
340 687
340 687
238 324
238 324
234 687
234 687
379 687
379 687
379 687
379 687
312 687
312 687
312 320
312 320
245 254
245 254
372 643
372 643
372 643
372 643
277 372
277 372
243 372
243 372
243 372
243 372
172 243
172 243
339 643
339 643
239 643
239 643
239 643
239 643
239 643
239 643
472 643
472 643
472 654
472 654
184 227
184 227
417 430
417 430
417 430
417 430
417 430
417 430
417 430
417 430
380 417
380 417
380 417
380 417
380 417
380 417
330 417
330 417
330 417
330 417
330 417
330 417
330 417
330 417
330 417
330 417
330 417
330 417
330 417
330 417
330 417
330 417
330 417
330 417
330 417
330 417
330 417
330 417
330 417
330 417
330 417
330 417
330 417
330 417
330 417
330 417
330 417
330 417
330 417
330 417
192 194
192 194
