238
-1
-1
55 172
55 172
88 242
88 242
79 249
79 249
72 82
72 82
95 312
95 312
95 312
95 312
60 421
60 421
60 421
60 421
70 276
70 276
83 266
83 266
83 266
83 266
111 222
111 222
68 334
68 334
68 334
68 334
65 285
65 285
65 285
65 285
65 285
65 285
64 278
64 278
139 197
64 280
64 280
65 252
65 252
70 232
70 232
49 204
49 204
108 220
67 295
67 295
72 259
72 259
63 297
63 297
63 297
63 297
74 253
74 253
65 291
65 291
65 291
65 291
58 299
58 299
58 299
58 299
91 287
91 287
74 295
74 295
80 350
80 350
89 310
89 310
87 301
87 301
80 88
80 88
80 88
80 88
78 287
78 287
77 302
77 302
79 102
79 102
83 302
83 302
84 96
84 96
97 303
97 303
92 99
92 99
98 99
98 99
98 99
98 99
98 99
98 99
98 99
98 99
91 97
91 97
87 262
87 262
90 280
90 280
90 280
90 280
92 96
92 96
92 96
92 96
92 96
92 96
94 269
94 269
85 302
85 302
93 287
93 287
85 316
85 316
90 363
90 363
89 352
89 352
83 335
83 335
92 317
92 317
92 317
92 317
92 317
92 317
88 346
88 346
88 346
88 346
79 355
79 355
84 358
84 358
76 234
76 234
65 240
65 240
84 273
84 273
94 297
94 297
87 126
58 141
58 141
116 115
90 128
90 128
90 128
142 184
87 168
87 168
87 168
87 168
87 168
124 177
76 183
58 160
58 160
58 160
51 173
51 173
58 138
58 138
58 138
50 168
50 168
50 168
51 138
51 138
51 138
192 321
192 321
166 311
215 367
215 367
215 367
154 348
201 360
201 360
97 137
97 137
135 297
135 297
84 297
84 297
182 321
82 219
82 219
82 219
82 219
164 248
153 173
143 277
143 314
143 314
184 272
164 179
164 179
164 179
156 350
156 350
156 350
119 341
119 341
251 345
251 345
90 198
175 311
182 308
122 296
43 202
43 202
137 346
137 346
118 313
78 138
78 138
78 138
78 138
78 138
78 138
78 138
78 138
150 162
150 162
132 245
132 245
105 133
105 133
