129
-1
-1
240 344
240 344
120 288
120 288
204 342
204 342
158 345
158 345
167 403
167 403
186 313
122 439
122 439
122 439
122 439
228 379
228 379
304 608
267 295
374 526
374 526
334 727
334 727
309 319
309 319
217 284
217 284
217 284
328 370
328 370
279 602
279 602
279 602
279 602
294 509
294 509
251 635
251 635
251 635
251 635
280 254
280 254
252 609
252 609
252 609
252 609
252 609
252 609
252 609
252 609
252 609
252 609
252 609
252 609
230 304
230 304
210 596
210 596
210 596
210 596
150 248
150 248
290 586
266 512
266 512
126 623
126 623
126 623
126 623
126 623
126 623
146 504
146 504
146 504
146 504
146 504
146 504
111 351
87 147
87 147
87 147
174 182
212 334
145 493
162 258
317 720
163 578
228 485
361 371
361 371
361 371
361 371
225 324
225 324
226 311
226 311
226 311
226 311
144 602
144 602
88 667
88 667
72 142
239 393
239 393
160 363
160 363
160 363
160 363
145 665
145 665
145 665
145 665
145 665
145 665
145 665
145 665
200 690
200 690
200 690
200 690
175 582
175 582
126 605
126 605
146 556
146 556
138 324
138 324
