362
-1
-1
123 177
123 177
123 177
123 177
123 177
123 177
189 186
189 186
69 128
69 128
69 128
69 128
69 128
69 128
69 128
69 128
69 128
69 128
69 128
69 128
69 128
69 128
69 128
69 128
174 307
174 307
87 149
87 149
75 330
75 330
240 230
240 230
238 227
238 227
114 230
114 230
157 331
157 331
161 304
161 304
161 304
89 108
89 108
155 298
155 298
128 355
128 355
127 326
127 326
161 344
161 344
148 364
148 364
148 364
148 364
94 140
94 140
127 302
127 302
164 348
164 348
163 175
163 175
179 304
132 315
61 280
61 280
61 93
61 93
61 93
64 150
90 175
64 116
84 300
60 169
71 180
71 180
61 218
61 218
91 164
91 164
91 164
91 164
91 164
91 164
88 287
88 287
88 287
88 287
88 287
88 287
81 289
81 289
51 189
51 189
87 247
87 247
71 221
71 221
70 74
70 74
94 281
94 281
94 281
94 281
59 437
59 437
59 437
59 437
74 263
74 263
74 261
74 261
74 261
74 261
105 224
105 224
70 325
70 325
70 325
70 325
61 307
61 307
61 307
61 307
61 307
61 307
59 284
59 284
144 224
61 252
61 252
62 234
62 234
66 271
66 271
45 204
45 204
114 233
68 301
68 301
74 299
74 299
65 294
65 294
65 294
65 294
79 288
79 288
59 248
59 248
59 248
59 248
62 264
62 264
62 264
62 264
85 327
85 327
71 287
71 287
84 357
84 357
85 306
85 306
80 267
80 267
92 101
92 101
92 101
92 101
91 274
91 274
79 260
79 260
77 86
77 86
90 302
90 302
83 98
83 98
85 278
85 278
92 85
92 85
85 92
85 92
85 92
85 92
85 92
85 92
85 92
85 92
85 102
85 102
97 297
97 297
88 290
88 290
88 290
88 290
87 96
87 96
87 96
87 96
87 96
87 96
94 291
94 291
89 302
89 302
83 304
83 304
93 310
93 310
82 310
82 310
80 355
80 355
85 368
85 368
93 313
93 313
93 313
93 313
93 313
93 313
82 363
82 363
82 363
82 363
84 372
84 372
90 351
90 351
77 221
77 221
72 249
72 249
76 307
76 307
88 292
88 292
90 127
57 134
57 134
99 132
79 137
79 137
79 137
146 174
81 159
81 159
81 159
81 159
81 159
138 153
84 185
52 168
52 168
52 168
52 167
52 167
51 139
51 139
51 139
56 160
56 160
56 160
55 138
55 138
55 138
201 383
201 383
146 304
242 357
242 357
242 357
176 315
189 311
189 311
98 119
98 119
118 292
118 292
76 300
76 300
202 364
84 227
84 227
84 227
84 227
147 251
159 173
159 314
145 361
145 361
166 232
145 174
145 174
145 174
142 324
142 324
142 324
115 364
115 364
215 292
215 292
77 169
195 332
186 288
113 329
42 231
42 231
158 293
158 293
101 282
84 140
84 140
84 140
84 140
84 140
84 140
84 140
84 140
143 166
143 166
133 240
133 240
111 149
111 149
86 284
86 284
125 228
125 228
191 265
109 315
109 315
109 315
121 208
121 208
121 208
121 208
198 445
198 445
198 445
198 445
160 395
160 395
160 395
160 395
131 306
131 306
189 218
144 196
126 227
127 159
239 349
239 349
122 146
122 146
89 304
