261
-1
-1
206 321
206 321
137 286
137 286
135 323
135 323
152 192
152 192
182 289
182 289
134 180
134 180
109 163
109 163
72 149
72 149
91 180
91 180
109 144
109 144
180 311
180 311
257 372
257 372
230 328
230 328
222 369
222 369
234 358
234 358
196 299
196 299
126 342
126 342
195 328
195 328
127 351
127 351
127 351
127 351
119 135
119 135
125 356
125 356
125 356
125 356
126 144
126 144
126 144
126 144
126 144
126 144
196 339
196 339
174 343
174 343
168 355
168 355
154 184
154 184
160 216
160 216
107 238
107 238
85 159
85 159
193 307
193 307
178 319
178 319
178 319
178 319
178 319
178 319
178 319
178 319
99 321
99 321
53 119
65 173
65 173
65 173
82 105
69 91
47 59
66 187
66 187
104 334
41 341
41 341
117 337
84 190
84 190
84 190
84 190
84 190
84 190
84 190
84 190
78 290
78 290
109 274
94 193
94 193
97 162
97 162
138 181
138 181
70 171
70 171
70 171
70 171
70 171
70 171
77 211
77 211
77 211
77 211
90 216
90 216
84 248
84 248
84 248
90 301
90 301
82 284
82 284
80 135
80 135
80 135
80 135
80 135
80 135
63 229
63 229
61 213
61 213
67 185
67 185
67 171
67 171
93 232
93 232
89 206
89 206
89 206
89 206
99 284
83 163
83 163
85 160
85 160
78 269
78 269
78 269
78 269
78 269
78 269
100 143
100 143
87 205
87 205
87 205
87 205
87 205
87 205
104 198
104 198
104 198
104 198
94 196
94 196
94 196
94 196
85 207
85 207
86 251
86 251
117 275
97 163
97 163
98 166
98 166
98 166
98 166
98 166
98 166
87 289
87 289
80 316
80 316
80 316
80 316
68 101
68 101
68 101
110 274
39 293
92 381
92 381
92 381
92 381
92 381
92 381
101 155
101 155
101 155
101 155
41 89
105 200
105 200
103 129
103 129
105 153
105 153
80 207
80 207
80 207
71 171
71 171
71 171
71 171
71 171
71 171
108 113
108 113
108 113
73 205
73 205
65 206
65 206
84 293
84 293
84 293
84 293
84 293
84 293
84 293
84 293
78 288
78 288
109 339
107 240
107 240
108 162
107 151
107 151
107 151
107 151
124 149
133 195
65 133
65 133
65 133
65 133
66 188
66 188
66 188
66 188
67 204
67 204
