116
-1
-1
354 447
354 447
243 660
243 660
223 327
223 327
220 364
220 364
390 428
390 428
243 690
243 690
397 437
397 437
305 437
305 437
305 670
305 670
207 354
207 354
203 354
203 354
195 670
195 670
195 670
195 670
315 647
315 647
193 345
193 345
319 644
319 644
203 284
203 284
288 697
288 697
272 318
272 318
272 304
272 304
240 272
240 272
323 587
323 587
305 664
305 664
261 645
261 645
258 632
258 632
196 649
196 649
197 262
197 262
228 290
228 290
375 447
375 447
357 439
357 439
255 642
255 642
238 663
238 663
238 663
238 663
238 663
238 663
238 663
238 663
204 663
204 663
204 663
204 663
204 663
204 663
204 663
204 663
204 663
204 663
204 663
204 663
204 663
204 663
204 663
204 663
274 440
258 638
261 317
261 317
261 317
254 692
201 667
201 667
201 667
201 667
234 366
234 366
234 343
290 368
244 544
164 237
164 237
183 367
183 367
166 387
166 387
131 395
131 395
300 377
300 377
263 635
237 601
213 340
213 340
213 349
