169
-1
-1
442 451
442 451
442 451
442 451
442 451
442 451
442 451
442 451
361 405
361 405
361 405
361 405
361 405
361 405
304 437
304 437
304 437
304 437
304 437
304 437
304 437
304 437
304 437
304 437
304 437
304 437
304 437
304 437
304 437
304 437
304 437
304 437
304 437
304 437
304 437
304 437
304 437
304 437
304 437
304 437
304 437
304 437
304 437
304 437
304 437
304 437
304 437
304 437
195 195
195 195
180 199
180 199
341 356
341 356
341 356
341 356
276 354
276 354
140 291
140 291
140 291
140 291
119 373
119 373
438 584
296 658
296 658
296 658
296 658
248 609
264 589
264 589
264 589
264 589
264 589
264 589
295 672
295 672
221 283
221 283
296 608
296 608
296 608
216 370
216 370
216 370
216 370
259 676
259 676
259 676
264 716
250 676
250 676
250 676
250 676
223 310
223 310
392 663
392 663
282 609
282 609
244 680
244 680
162 289
162 289
162 289
162 289
162 289
162 289
162 289
162 289
289 682
289 682
289 682
289 682
289 682
289 682
289 682
289 682
492 682
492 682
275 643
340 648
252 662
252 662
280 625
280 625
280 625
280 625
206 226
206 226
351 403
351 403
236 719
236 719
210 349
210 349
235 335
235 335
367 436
367 436
267 649
267 649
378 445
378 445
299 433
299 433
302 710
302 710
199 382
199 382
207 382
207 382
202 716
202 716
202 716
202 716
343 685
343 685
180 321
180 321
328 593
328 593
189 256
189 256
290 670
290 670
251 349
251 349
