368
-1
-1
253 256
253 256
253 256
253 256
253 256
253 256
349 614
349 614
330 608
330 608
309 632
309 632
309 341
309 341
304 486
304 486
233 491
233 491
174 280
174 280
344 541
344 541
338 624
338 624
338 624
338 624
338 624
338 624
338 624
338 624
208 642
208 642
97 243
125 389
125 389
125 389
186 219
125 159
89 119
146 395
146 395
234 763
79 728
79 728
214 728
161 402
161 402
161 402
161 402
161 402
161 402
161 402
161 402
141 559
141 559
225 553
166 344
166 344
176 277
176 277
312 395
312 395
166 295
166 295
166 295
166 295
166 295
166 295
155 428
155 428
155 428
155 428
203 468
203 468
165 523
165 523
165 523
181 517
181 517
178 548
178 548
169 312
169 312
169 312
169 312
169 312
169 312
139 436
139 436
140 439
140 439
136 427
136 427
135 419
135 419
172 406
172 406
176 412
176 412
176 412
176 412
192 628
169 334
169 334
175 327
175 327
144 571
144 571
144 571
144 571
144 571
144 571
184 326
184 326
174 381
174 381
174 381
174 381
174 381
174 381
206 401
206 401
206 401
206 401
178 455
178 455
178 455
178 455
166 455
166 455
157 485
157 485
234 555
219 347
219 347
206 281
206 281
206 281
206 281
206 281
206 281
172 609
172 609
154 603
154 603
154 603
154 603
134 195
134 195
222 593
90 621
186 741
186 741
186 741
186 741
186 741
186 741
210 306
210 306
210 306
210 306
84 202
219 385
219 385
211 222
211 222
207 302
207 302
138 402
138 402
138 402
145 299
145 299
145 299
145 299
145 299
145 299
194 241
194 241
194 241
135 388
135 388
135 451
135 451
165 576
165 576
165 576
165 576
165 576
165 576
165 576
165 576
157 566
157 566
174 592
174 592
246 732
214 399
214 399
222 349
210 335
210 335
210 335
210 335
248 256
275 438
119 250
119 250
119 250
119 250
137 398
137 398
137 398
137 398
140 409
140 409
124 354
124 354
122 454
122 454
334 426
334 426
334 426
334 426
120 319
120 319
181 332
181 332
172 297
172 297
167 582
167 582
211 485
211 485
126 237
126 237
126 237
126 237
126 237
126 237
98 373
98 373
190 443
190 443
93 440
93 440
105 384
105 384
175 402
175 402
175 402
144 276
144 276
199 370
199 370
139 308
139 308
114 547
114 547
108 544
108 544
91 170
164 181
123 509
123 509
154 435
154 435
154 435
154 435
127 471
127 471
96 444
96 444
135 331
159 595
92 168
134 419
134 419
134 419
134 419
134 419
134 419
145 159
145 159
141 379
141 379
241 265
112 483
112 483
127 447
127 447
127 565
127 565
182 563
182 563
175 626
175 626
173 656
173 656
188 222
188 222
92 261
92 261
144 262
91 390
91 390
91 390
91 390
118 416
118 416
126 528
126 528
126 528
126 528
141 332
141 332
141 332
141 332
141 332
141 332
109 233
347 632
163 345
163 345
163 345
163 345
235 221
93 276
223 542
79 490
188 689
188 689
188 689
188 689
156 685
156 685
156 685
232 463
232 463
232 463
144 260
144 260
104 232
76 372
76 372
156 408
156 408
118 522
118 522
177 295
154 381
128 436
128 436
149 391
149 391
149 391
149 391
240 647
243 517
243 517
243 517
153 707
153 707
173 290
173 290
160 260
225 352
225 352
