228
-1
-1
132 452
132 452
139 408
139 408
153 549
153 549
153 549
153 549
153 549
153 549
153 549
153 549
181 588
181 588
160 512
160 512
217 685
218 430
218 430
211 333
253 342
253 342
253 342
253 342
248 286
286 422
127 263
127 263
127 263
127 263
130 357
130 357
130 357
130 357
143 363
143 363
147 399
147 399
126 515
126 515
313 489
313 489
313 489
313 489
123 309
123 309
191 293
191 293
157 306
157 306
178 588
178 588
227 529
227 529
123 222
123 222
123 222
123 222
123 222
123 222
101 402
101 402
197 460
197 460
99 420
99 420
113 384
113 384
181 343
181 343
181 343
145 237
145 237
187 350
187 350
132 274
132 274
122 542
122 542
114 524
114 524
91 195
198 177
116 430
116 430
172 453
172 453
172 453
172 453
131 485
131 485
97 439
97 439
136 307
164 607
87 202
161 361
161 361
161 361
161 361
161 361
161 361
147 186
147 186
122 334
122 334
211 293
131 424
131 424
125 424
125 424
147 656
147 656
177 563
177 563
179 559
179 559
166 638
166 638
218 216
218 216
90 293
90 293
143 248
93 344
93 344
93 344
93 344
108 357
108 357
123 472
123 472
123 472
123 472
156 355
156 355
156 355
156 355
156 355
156 355
122 224
403 546
167 348
167 348
167 348
167 348
204 228
90 281
212 479
80 485
176 565
176 565
176 565
176 565
184 666
184 666
184 666
223 505
223 505
223 505
159 257
159 257
110 196
79 432
79 432
150 367
150 367
117 544
117 544
150 304
140 402
130 408
130 408
161 403
161 403
161 403
161 403
266 634
255 461
255 461
255 461
155 700
155 700
178 313
178 313
153 286
243 345
243 345
141 525
141 525
141 525
141 525
132 315
132 315
127 168
127 168
169 177
221 308
221 308
243 622
243 622
243 622
243 622
158 239
158 239
340 584
340 584
142 572
142 572
142 572
142 572
139 374
165 626
165 626
83 421
83 421
151 505
151 505
127 555
127 555
160 381
160 381
127 652
127 652
127 652
127 652
127 652
127 652
