116
-1
-1
132 272
132 272
132 272
132 272
152 405
152 405
152 405
152 405
130 397
130 397
132 406
132 406
123 530
123 530
307 503
307 503
307 503
307 503
123 322
123 322
187 323
187 323
154 285
154 285
182 540
182 540
199 462
199 462
131 244
131 244
131 244
131 244
131 244
131 244
102 447
102 447
188 460
188 460
111 449
111 449
109 397
109 397
191 387
191 387
191 387
158 250
158 250
199 317
199 317
129 271
129 271
116 542
116 542
122 560
122 560
80 170
175 168
132 458
132 458
161 489
161 489
161 489
161 489
122 489
122 489
92 416
92 416
132 295
171 607
84 204
161 381
161 381
161 381
161 381
161 381
161 381
164 168
164 168
137 345
137 345
222 275
125 461
125 461
125 438
125 438
133 669
133 669
152 599
152 599
158 644
158 644
178 584
178 584
184 205
184 205
99 256
99 256
132 267
91 390
91 390
91 390
91 390
114 353
114 353
127 523
127 523
127 523
127 523
147 319
147 319
147 319
147 319
147 319
147 319
105 204
378 540
