123
-1
-1
95 184
95 184
98 255
83 138
83 138
105 134
105 134
105 134
63 323
63 323
63 323
63 323
71 187
71 187
93 191
93 191
58 198
58 198
58 198
58 198
106 177
89 157
89 157
71 263
71 263
71 263
71 263
62 177
62 177
62 177
62 177
62 144
62 144
62 144
62 144
39 94
39 94
44 173
79 286
79 286
111 300
81 232
123 282
119 178
136 177
136 177
52 188
52 188
85 109
85 109
67 140
98 174
98 174
130 263
130 263
130 263
130 263
130 263
130 263
130 263
130 263
130 263
130 263
140 148
285 356
285 356
285 356
285 356
285 352
285 352
285 352
285 352
292 352
292 336
292 336
292 336
142 352
142 352
139 335
139 335
94 326
94 326
94 326
94 326
94 326
116 267
116 267
116 267
116 267
82 180
82 180
193 327
193 327
150 247
150 247
113 150
113 150
114 340
114 340
242 342
242 342
242 342
172 308
172 308
156 170
156 170
182 327
182 327
150 177
150 177
192 313
93 332
93 332
139 140
139 140
139 332
139 332
139 332
139 332
89 128
89 128
89 128
89 128
