253
-1
-1
160 272
160 272
160 272
160 272
160 272
160 272
160 272
160 272
297 352
297 352
292 499
292 499
208 284
208 284
181 573
181 573
243 484
243 484
368 520
226 600
226 600
226 600
230 436
230 436
230 436
230 436
421 840
421 840
421 840
421 840
326 840
326 840
326 840
326 840
274 568
274 568
411 478
319 371
237 462
233 293
483 661
483 661
271 305
271 305
170 652
241 390
277 426
277 426
110 180
129 318
129 318
163 375
163 375
162 351
120 324
189 625
221 346
233 523
219 523
241 649
208 405
152 392
152 392
152 392
152 392
152 392
152 392
81 426
122 372
138 497
138 497
138 412
138 412
90 469
90 469
115 441
115 441
158 423
158 423
158 423
141 423
141 423
141 423
203 296
213 293
185 455
185 455
185 455
185 455
160 283
262 534
168 222
168 222
234 505
163 323
163 323
163 323
161 190
161 190
161 190
180 186
180 186
181 630
181 630
206 426
155 616
155 616
132 171
132 171
266 442
175 439
199 437
199 437
209 264
94 398
209 643
133 548
133 548
133 548
133 548
256 330
256 330
256 330
162 701
162 701
162 701
162 701
162 701
162 701
162 701
162 701
162 701
162 701
130 380
130 380
130 380
130 380
130 380
130 380
130 380
130 380
130 380
130 380
333 412
272 702
193 412
193 412
193 412
193 412
193 412
193 412
140 426
140 426
140 426
224 681
216 443
216 443
216 440
216 440
216 440
216 440
216 440
216 440
216 440
216 440
216 440
216 440
216 277
216 277
445 654
445 654
412 654
412 654
345 654
345 654
137 245
137 245
286 689
286 689
352 649
478 670
478 670
379 666
379 666
312 354
312 354
285 654
278 666
278 666
278 666
278 666
278 666
278 666
278 666
278 666
278 666
278 666
278 666
278 666
254 312
254 312
145 224
145 224
312 664
312 664
312 664
312 664
312 664
312 664
312 664
312 664
238 664
238 664
238 664
238 664
345 666
345 666
379 682
379 682
122 130
122 130
122 130
122 130
122 130
122 130
122 130
122 130
360 648
360 648
260 648
260 648
260 645
260 645
242 586
242 586
242 586
242 586
313 666
313 666
428 695
428 695
428 695
428 695
428 695
428 695
361 695
361 695
340 687
340 687
340 687
340 687
238 324
238 324
