232
-1
-1
282 298
282 298
282 298
282 298
177 209
222 325
222 325
290 313
247 324
247 324
135 249
135 249
209 366
209 366
183 356
183 356
168 377
168 377
191 316
120 453
120 453
120 453
120 453
251 399
251 399
286 564
261 325
374 573
374 573
384 631
384 631
266 291
266 291
201 287
201 287
201 287
314 366
314 366
273 680
273 680
273 680
273 680
294 449
294 449
280 673
280 673
280 673
280 673
291 291
291 291
227 589
227 589
227 589
227 589
227 589
227 589
227 589
227 589
227 589
227 589
227 589
227 589
220 348
220 348
182 589
182 589
182 589
182 589
149 262
149 262
255 586
299 474
299 474
140 722
140 722
140 722
140 722
140 722
140 722
124 578
124 578
124 578
124 578
124 578
124 578
105 362
101 163
101 163
101 163
174 182
201 375
138 462
160 253
311 674
167 524
196 441
437 411
437 411
437 411
437 411
250 354
250 354
202 363
202 363
202 363
202 363
150 698
150 698
97 585
97 585
78 140
249 393
249 393
179 383
179 383
179 383
179 383
150 605
150 605
150 605
150 605
150 605
150 605
150 605
150 605
224 630
224 630
224 630
224 630
172 644
172 644
137 647
137 647
130 618
130 618
127 340
127 340
275 713
208 399
448 438
448 438
110 308
110 308
110 308
110 308
110 308
157 621
157 621
157 621
157 621
155 415
155 415
155 415
150 321
198 261
180 218
71 341
217 750
217 750
217 750
217 750
236 229
236 229
236 229
236 229
220 245
86 459
86 459
86 459
86 459
82 429
82 429
137 360
137 360
291 570
163 360
163 360
163 360
152 686
152 686
131 502
131 502
147 255
249 625
73 696
190 585
190 585
161 356
161 356
137 309
137 309
137 309
137 309
137 309
137 309
137 309
137 309
137 309
137 309
146 156
126 487
126 487
108 437
108 437
232 553
143 296
143 296
143 296
194 442
288 308
288 308
141 264
141 264
141 264
141 264
124 473
124 473
142 565
142 565
178 342
178 342
222 472
146 776
210 227
248 476
220 430
158 200
94 374
94 374
228 456
164 538
164 538
