111
-1
-1
239 508
239 508
239 508
170 623
170 623
172 296
172 296
155 274
220 329
220 329
133 490
133 490
133 490
133 490
145 297
145 297
129 148
129 148
155 173
185 278
185 278
284 584
284 584
284 584
284 584
173 244
173 244
333 595
333 595
141 572
141 572
141 572
141 572
131 439
143 597
143 597
95 429
95 429
151 500
151 500
129 525
129 525
162 430
162 430
137 646
137 646
137 646
137 646
137 646
137 646
133 544
133 544
161 401
161 401
190 426
190 426
147 410
147 410
147 410
147 410
163 396
163 396
163 396
163 396
163 396
150 279
150 279
176 230
176 230
141 277
141 277
141 277
141 277
97 409
97 409
145 365
186 306
169 341
169 341
169 341
169 341
151 560
176 620
176 620
210 559
210 559
173 411
177 356
177 356
195 395
103 136
226 398
250 326
250 326
260 325
260 325
161 407
161 407
205 420
141 401
141 401
186 639
186 639
162 378
162 378
162 378
162 378
147 267
147 267
201 337
201 337
