226
-1
-1
82 189
82 189
82 189
75 152
93 141
99 111
36 182
105 343
105 343
105 343
105 343
110 123
110 123
110 123
110 123
118 120
41 232
41 232
41 232
41 232
40 210
40 210
64 180
64 180
132 291
74 184
74 184
74 184
84 284
84 284
62 247
62 247
79 149
124 351
36 354
91 276
91 276
80 175
80 175
61 149
61 149
61 149
61 149
61 149
61 149
61 149
61 149
61 149
61 149
87 80
62 246
62 246
54 242
54 242
130 271
64 163
64 163
64 163
109 220
141 175
141 175
76 131
76 131
76 131
76 131
63 238
63 238
85 260
85 260
81 179
81 179
120 247
85 384
85 384
85 384
116 110
130 229
109 205
80 114
50 169
50 169
108 213
87 324
87 324
77 234
77 234
77 234
77 234
100 140
100 140
55 119
55 119
35 71
35 71
92 245
92 245
58 244
58 244
44 138
44 138
88 172
88 172
88 172
88 172
98 252
69 278
69 278
69 278
69 278
79 243
79 243
79 243
79 243
112 147
112 147
112 147
67 78
80 165
80 165
80 165
80 165
80 165
80 165
81 124
81 124
96 253
77 107
77 107
111 173
111 173
111 173
111 173
108 174
108 174
108 174
108 174
120 109
120 109
120 109
120 109
68 195
68 195
68 195
68 195
68 204
68 204
68 204
68 204
91 224
91 224
91 224
91 224
91 224
91 224
91 224
91 224
91 224
91 224
91 224
91 224
83 164
83 164
69 364
69 364
92 165
92 165
92 165
92 165
92 165
92 165
87 187
87 187
87 187
100 164
97 280
43 296
62 271
62 271
62 271
62 271
62 271
62 271
42 165
81 137
59 138
59 138
97 288
97 288
69 297
69 297
100 286
100 286
107 247
172 305
94 269
100 110
100 110
158 226
83 201
139 281
108 246
108 246
105 246
105 246
108 234
108 234
76 144
52 84
90 239
90 239
90 239
90 239
122 257
163 265
138 190
118 258
118 258
75 434
75 434
117 185
117 185
117 185
157 308
114 277
107 320
107 320
