112
-1
-1
145 665
145 665
145 665
145 665
145 665
145 665
145 665
145 665
200 690
200 690
200 690
200 690
175 582
175 582
126 605
126 605
146 556
146 556
138 324
138 324
265 602
178 423
460 512
460 512
102 281
102 281
102 281
102 281
102 281
152 583
152 583
152 583
152 583
174 381
174 381
174 381
159 330
222 288
173 223
82 326
221 651
221 651
221 651
221 651
206 207
206 207
206 207
206 207
223 251
84 454
84 454
84 454
84 454
87 367
87 367
134 364
134 364
297 570
173 374
173 374
173 374
146 606
146 606
118 542
118 542
141 264
240 677
86 716
198 602
198 602
172 329
172 329
123 330
123 330
123 330
123 330
123 330
123 330
123 330
123 330
123 330
123 330
154 184
118 498
118 498
105 397
105 397
259 569
125 293
125 293
125 293
220 429
236 318
236 318
149 261
149 261
149 261
149 261
138 473
138 473
143 483
143 483
161 300
161 300
260 414
154 685
199 220
243 494
228 455
167 231
94 314
94 314
