349
-1
-1
103 286
103 286
103 286
103 286
103 286
167 640
167 640
167 640
167 640
163 388
163 388
163 388
149 303
202 286
185 239
77 362
219 715
219 715
219 715
219 715
219 227
219 227
219 227
219 227
229 247
91 488
91 488
91 488
91 488
82 398
82 398
131 371
131 371
286 593
159 371
159 371
159 371
155 624
155 624
124 498
124 498
149 274
231 651
81 651
195 574
195 574
164 353
164 353
126 300
126 300
126 300
126 300
126 300
126 300
126 300
126 300
126 300
126 300
162 171
128 529
128 529
111 441
111 441
254 558
137 321
137 321
137 321
206 417
262 338
262 338
153 286
153 286
153 286
153 286
129 434
129 434
157 524
157 524
164 326
164 326
246 459
162 706
216 229
239 454
226 414
166 214
94 344
94 344
239 431
161 591
161 591
148 487
148 487
148 487
148 487
193 296
193 296
100 245
100 245
68 139
68 139
183 451
183 451
120 470
120 470
97 303
97 303
164 365
164 365
164 365
164 365
197 560
143 560
143 560
143 560
143 560
159 446
159 446
159 446
159 446
211 316
211 316
211 316
143 150
153 337
153 337
153 337
152 337
152 337
152 337
153 238
152 238
194 551
155 205
155 205
228 366
228 366
228 366
228 366
227 366
227 366
227 366
227 366
228 234
228 234
228 234
228 234
163 706
163 706
149 414
149 414
149 414
149 414
149 413
149 413
149 413
149 413
170 409
170 409
170 409
170 409
170 409
170 409
170 408
170 408
170 408
170 408
170 408
170 408
170 311
170 311
148 668
148 668
184 351
184 351
184 351
184 351
184 351
184 351
171 351
171 351
171 351
187 308
199 588
83 588
127 558
127 558
127 558
127 558
127 558
127 558
85 367
166 270
123 266
123 266
185 551
185 551
135 551
135 551
187 547
187 547
231 472
338 670
200 597
187 227
187 227
332 503
180 437
254 517
227 457
227 457
222 457
222 457
229 451
229 451
154 271
105 154
175 448
175 448
175 448
175 448
258 570
307 574
307 405
224 566
224 566
147 804
147 804
217 360
217 360
217 360
292 685
241 539
208 681
208 681
274 585
274 585
196 604
195 604
370 664
369 664
369 664
280 349
280 349
280 664
280 664
281 349
281 664
201 252
201 252
267 652
267 652
267 652
267 652
267 652
267 652
274 653
274 653
381 666
381 666
381 666
381 666
348 652
348 652
341 653
341 653
174 657
174 657
308 653
307 653
281 622
281 622
248 622
248 622
277 653
277 653
277 653
277 653
352 481
352 481
224 653
224 653
313 691
313 691
313 691
188 398
188 398
296 360
296 360
273 732
252 398
252 398
252 314
252 314
252 314
252 314
252 314
252 314
272 466
272 466
272 466
272 466
272 333
272 333
272 333
272 333
272 333
272 333
369 383
369 383
134 285
134 285
134 285
134 285
134 285
134 285
134 285
134 285
134 285
134 285
134 285
134 285
134 285
134 285
134 285
134 285
367 652
367 652
187 285
187 285
158 613
158 613
438 465
438 465
438 467
438 467
252 448
252 448
331 633
331 633
321 633
321 633
321 633
166 205
166 205
312 602
312 602
275 658
275 658
