448
-1
-1
203 296
213 293
185 455
185 455
185 455
185 455
160 283
262 534
168 222
168 222
234 505
163 323
163 323
163 323
161 190
161 190
161 190
180 186
180 186
181 630
181 630
206 426
155 616
155 616
132 171
132 171
266 442
175 439
199 437
199 437
209 264
94 398
209 643
133 548
133 548
133 548
133 548
256 330
256 330
256 330
162 701
162 701
162 701
162 701
162 701
162 701
162 701
162 701
162 701
162 701
130 380
130 380
130 380
130 380
130 380
130 380
130 380
130 380
130 380
130 380
333 412
272 702
193 412
193 412
193 412
193 412
193 412
193 412
140 426
140 426
140 426
224 681
216 443
216 443
216 440
216 440
216 440
216 440
216 440
216 440
216 440
216 440
216 440
216 440
216 277
216 277
445 654
445 654
412 654
412 654
345 654
345 654
137 245
137 245
286 689
286 689
352 649
478 670
478 670
379 666
379 666
312 354
312 354
285 654
278 666
278 666
278 666
278 666
278 666
278 666
278 666
278 666
278 666
278 666
278 666
278 666
254 312
254 312
145 224
145 224
312 664
312 664
312 664
312 664
312 664
312 664
312 664
312 664
238 664
238 664
238 664
238 664
345 666
345 666
379 682
379 682
122 130
122 130
122 130
122 130
122 130
122 130
122 130
122 130
360 648
360 648
260 648
260 648
260 645
260 645
242 586
242 586
242 586
242 586
313 666
313 666
428 695
428 695
428 695
428 695
428 695
428 695
361 695
361 695
340 687
340 687
340 687
340 687
238 324
238 324
234 687
234 687
379 687
379 687
379 687
379 687
312 687
312 687
312 320
312 320
245 254
245 254
372 643
372 643
372 643
372 643
277 372
277 372
243 372
243 372
243 372
243 372
172 243
172 243
339 643
339 643
239 643
239 643
239 643
239 643
239 643
239 643
472 643
472 643
472 654
472 654
184 227
184 227
417 430
417 430
417 430
417 430
417 430
417 430
417 430
417 430
380 417
380 417
380 417
380 417
380 417
380 417
330 417
330 417
330 417
330 417
330 417
330 417
330 417
330 417
330 417
330 417
330 417
330 417
330 417
330 417
330 417
330 417
330 417
330 417
330 417
330 417
330 417
330 417
330 417
330 417
330 417
330 417
330 417
330 417
330 417
330 417
330 417
330 417
330 417
330 417
192 194
192 194
187 194
187 194
328 359
328 359
328 359
328 359
274 331
274 331
134 316
134 316
134 316
134 316
118 349
118 349
446 627
325 627
325 627
325 627
325 627
246 627
240 647
240 647
240 647
240 647
240 647
240 647
307 659
307 659
240 281
240 281
314 626
314 626
314 626
214 340
214 340
214 340
214 340
281 657
281 657
281 657
280 657
263 657
263 657
263 657
263 657
247 313
247 313
374 626
374 626
274 661
274 661
240 661
240 661
174 281
174 281
174 281
174 281
174 281
174 281
174 281
174 281
307 669
307 669
307 669
307 669
307 669
307 669
307 669
307 669
483 669
483 669
280 669
346 654
259 682
259 682
307 657
307 657
307 657
307 657
214 240
214 240
354 447
354 447
243 660
243 660
223 327
223 327
220 364
220 364
390 428
390 428
243 690
243 690
397 437
397 437
305 437
305 437
305 670
305 670
207 354
207 354
203 354
203 354
195 670
195 670
195 670
195 670
315 647
315 647
193 345
193 345
319 644
319 644
203 284
203 284
288 697
288 697
272 318
272 318
272 304
272 304
240 272
240 272
323 587
323 587
305 664
305 664
261 645
261 645
258 632
258 632
196 649
196 649
197 262
197 262
228 290
228 290
375 447
375 447
357 439
357 439
255 642
255 642
238 663
238 663
238 663
238 663
238 663
238 663
238 663
238 663
204 663
204 663
204 663
204 663
204 663
204 663
204 663
204 663
204 663
204 663
204 663
204 663
204 663
204 663
204 663
204 663
274 440
258 638
261 317
261 317
261 317
254 692
201 667
201 667
201 667
201 667
234 366
234 366
234 343
290 368
244 544
164 237
164 237
183 367
183 367
166 387
166 387
131 395
131 395
