120
-1
-1
80 272
80 272
72 272
72 272
72 272
72 272
72 258
72 258
70 258
70 258
111 233
111 233
63 230
63 230
80 138
80 138
67 133
67 133
67 133
67 133
67 133
67 133
79 284
79 284
79 284
79 284
100 250
50 148
50 148
157 292
157 292
134 322
74 147
66 217
66 217
66 217
66 217
66 217
66 217
126 199
126 199
126 199
126 199
80 197
80 197
80 197
80 197
80 197
80 197
80 197
80 197
85 193
85 193
85 193
85 193
85 193
85 193
112 184
93 132
81 132
81 132
80 97
80 97
67 70
67 70
81 157
81 157
144 291
144 291
98 154
98 154
222 312
222 312
105 312
105 312
63 287
63 287
63 286
63 286
62 285
62 285
63 283
63 283
125 248
50 228
50 228
50 228
50 228
50 228
50 228
50 228
50 228
50 228
50 228
117 133
142 298
133 286
123 286
133 268
151 255
116 148
111 148
106 117
178 329
110 372
110 372
154 327
154 327
154 327
154 327
188 327
188 327
188 327
188 327
137 315
137 315
104 315
104 315
117 312
117 312
