144
-1
-1
159 322
159 322
101 142
101 142
144 348
144 348
136 159
136 159
136 152
136 152
120 136
120 136
161 293
161 293
152 332
152 332
129 316
129 316
98 324
98 324
98 131
98 131
114 145
114 145
187 223
187 223
178 219
178 219
127 321
127 321
119 331
119 331
119 331
119 331
119 331
119 331
119 331
119 331
102 331
102 331
102 331
102 331
102 331
102 331
102 331
102 331
102 331
102 331
102 331
102 331
102 331
102 331
102 331
102 331
137 220
129 319
130 158
130 158
130 158
127 346
100 333
100 333
100 333
100 333
117 183
117 183
117 171
145 184
122 272
82 118
82 118
91 183
91 183
83 193
83 193
65 197
65 197
150 188
150 188
131 317
118 300
106 170
106 170
106 174
126 182
126 182
126 140
126 140
126 140
126 140
157 316
157 316
107 343
107 343
157 333
157 333
157 333
157 333
157 333
157 333
157 333
157 333
157 333
157 333
157 333
157 333
124 143
124 143
124 143
124 143
124 143
124 143
107 143
107 143
107 143
107 143
140 331
140 331
140 326
140 326
140 326
140 326
140 326
140 326
140 326
140 326
109 124
109 124
124 309
124 309
76 157
76 157
76 157
76 157
76 240
76 240
192 332
192 332
190 326
190 326
190 326
190 326
190 326
190 326
