131
-1
-1
82 327
82 327
82 144
82 144
77 144
120 171
120 171
73 252
73 252
73 252
73 252
71 154
71 154
65 80
65 80
86 86
101 151
101 151
130 320
130 320
130 320
130 320
84 116
84 116
180 278
180 278
67 207
76 290
76 290
43 212
43 212
81 255
81 255
63 255
63 255
79 207
79 207
69 299
69 299
69 299
69 299
69 299
69 299
69 298
69 298
75 206
75 206
90 195
90 195
75 195
75 195
75 195
75 195
75 195
75 195
75 195
75 195
75 195
75 195
75 195
75 195
75 195
75 195
75 195
75 195
75 195
75 195
75 183
75 183
75 183
75 183
75 183
75 183
75 183
75 183
75 183
75 183
75 183
75 137
75 137
90 126
90 126
75 126
75 126
75 126
75 126
52 197
52 197
66 175
91 161
84 156
84 156
84 156
84 156
80 301
95 333
95 333
95 310
95 310
94 198
94 183
94 183
97 192
48 65
103 205
123 169
123 169
119 174
119 174
119 174
119 174
75 187
75 187
98 191
75 191
75 191
86 290
86 290
79 194
79 194
79 194
79 194
79 136
79 136
79 136
79 136
95 185
95 185
95 184
95 184
98 255
