155
-1
-1
165 705
165 705
165 705
165 705
165 630
165 630
165 630
165 630
165 630
165 630
151 376
151 376
164 337
164 337
164 337
164 337
137 640
137 640
139 712
139 712
186 210
186 210
186 210
122 350
122 350
140 356
140 356
134 377
134 377
124 381
124 381
195 422
195 422
192 624
192 624
168 591
168 591
144 630
125 268
125 268
125 268
125 268
193 527
184 460
182 560
182 560
136 246
136 246
128 350
128 350
128 350
128 350
72 136
113 417
113 417
113 417
113 417
113 417
113 417
113 417
113 417
113 417
113 417
113 417
113 417
147 533
147 533
209 430
159 374
159 374
159 374
159 374
159 374
159 374
159 374
159 374
159 374
159 374
159 374
159 374
122 571
122 571
122 571
122 571
182 242
182 242
159 529
159 529
159 529
159 529
177 487
177 487
202 592
154 389
154 389
154 389
154 389
154 389
154 389
154 389
154 389
154 389
154 389
154 389
154 389
154 389
154 389
161 301
161 301
159 544
159 544
504 736
504 736
504 736
171 304
171 304
171 304
171 465
171 465
171 465
171 465
213 483
213 483
164 274
164 274
142 270
151 375
151 375
151 375
151 375
151 375
151 375
151 375
151 375
151 375
151 375
151 375
151 375
151 375
151 375
130 231
139 552
139 552
265 376
251 335
162 733
162 733
221 731
221 731
221 731
221 731
115 542
115 542
135 528
91 460
