475
-1
-1
62 114
62 114
153 324
153 324
159 315
248 332
248 332
206 320
206 320
141 170
141 170
131 324
128 352
128 352
128 352
128 352
128 352
128 352
128 352
128 352
128 352
128 352
128 352
128 352
115 165
115 165
78 104
78 104
170 299
170 299
170 299
170 299
170 299
170 299
170 299
170 299
109 355
109 355
109 355
109 355
178 330
178 330
172 371
172 371
66 68
66 68
66 68
66 68
66 68
66 68
66 68
66 68
173 299
173 299
137 321
137 321
139 306
139 306
139 306
139 306
120 285
120 285
120 285
120 285
159 349
159 349
204 353
204 353
204 353
204 353
204 353
204 353
171 316
171 316
178 356
178 356
178 356
178 356
117 150
117 150
119 323
119 323
192 370
192 370
192 370
192 370
157 370
157 370
152 169
152 169
118 124
118 124
200 349
200 349
200 349
200 349
140 189
140 189
115 204
115 204
115 204
115 204
94 109
94 109
163 302
163 302
115 299
115 299
115 299
115 299
115 299
115 299
257 327
257 327
259 295
259 295
89 124
89 124
226 207
226 207
226 207
226 207
226 207
226 207
226 207
226 207
189 206
189 206
189 206
189 206
189 206
189 206
178 200
178 200
178 200
178 200
178 200
178 200
178 200
178 200
178 200
178 200
178 200
178 200
178 200
178 200
178 200
178 200
178 200
178 200
178 200
178 200
178 200
178 200
178 200
178 200
178 200
178 200
178 200
178 200
178 200
178 200
178 200
178 200
178 200
178 200
101 97
101 97
88 90
88 90
172 163
172 163
172 163
172 163
129 156
129 156
73 170
73 170
73 170
73 170
61 182
61 182
210 338
156 338
156 338
156 338
156 338
119 304
116 339
116 339
116 339
116 339
116 339
116 339
146 323
146 323
110 136
110 136
110 136
110 136
110 136
110 136
167 288
167 288
167 288
111 176
111 176
111 176
111 176
128 347
128 347
128 347
128 347
121 299
121 299
121 299
121 299
115 144
115 144
192 310
192 310
136 314
136 314
116 301
116 301
81 131
81 131
81 131
81 131
81 131
81 131
81 131
81 131
152 360
152 360
152 360
152 360
152 360
152 360
152 360
152 360
217 337
217 337
129 304
161 311
134 351
134 351
144 357
144 357
144 357
144 357
114 128
114 128
176 245
176 245
118 353
118 353
109 179
109 179
113 192
113 192
182 212
182 212
131 325
131 325
209 224
209 224
162 210
162 210
158 345
158 345
108 182
108 182
98 184
98 184
98 332
98 332
98 332
98 332
154 298
154 298
105 166
105 166
173 319
173 319
93 137
93 137
143 335
143 335
145 174
145 174
123 140
123 140
128 135
128 135
162 304
162 304
148 355
148 355
135 325
135 325
105 343
105 343
100 132
100 132
123 146
123 146
196 208
196 208
162 209
162 209
119 349
119 349
124 354
124 354
124 354
124 354
124 354
124 354
124 354
124 354
98 325
98 325
98 325
98 325
98 325
98 325
98 325
98 325
98 325
98 325
98 325
98 325
98 325
98 325
98 325
98 325
135 198
127 347
125 157
125 157
125 157
135 359
102 330
102 330
102 330
102 330
118 178
118 178
108 181
140 189
126 262
90 122
90 122
89 173
89 173
79 178
79 178
64 198
64 198
162 204
162 204
121 302
117 327
105 164
105 164
113 161
136 191
136 191
134 145
134 145
134 145
134 145
153 288
153 288
102 356
102 356
164 336
164 336
164 336
164 336
164 336
164 336
164 336
164 336
164 336
164 336
164 336
164 336
116 145
116 145
116 145
116 145
116 145
116 145
104 135
104 135
104 135
104 135
141 347
141 347
148 294
148 294
148 294
148 294
148 294
148 294
148 294
148 294
119 131
119 131
126 291
126 291
83 156
83 156
83 156
83 156
79 236
79 236
189 338
189 338
181 348
181 348
181 348
181 348
181 348
181 348
176 300
176 300
176 300
176 300
176 300
176 300
176 300
176 300
176 300
176 300
146 341
146 341
146 341
146 341
145 347
145 347
103 167
103 167
159 303
159 303
157 309
158 327
158 327
147 297
168 341
168 341
168 341
172 170
172 170
172 170
154 361
154 361
154 361
154 361
154 361
154 361
154 361
154 361
154 361
172 301
126 295
156 303
160 306
127 316
87 131
87 131
87 131
87 131
