388
-1
-1
41 72
98 339
41 323
71 173
71 173
71 173
71 173
71 173
71 173
64 110
64 110
64 110
95 187
56 222
56 222
55 299
55 299
41 183
41 183
41 183
56 212
56 212
74 266
74 266
74 266
74 266
74 266
74 266
97 123
97 123
85 226
85 226
85 226
85 226
56 149
56 149
74 345
74 345
74 345
81 302
81 302
81 302
81 302
54 209
54 209
56 211
56 211
56 211
56 211
57 209
57 209
46 216
46 216
58 159
58 159
94 198
50 212
50 212
50 212
50 212
50 212
50 212
50 212
50 212
50 212
50 212
50 212
50 212
50 216
50 216
63 89
63 89
50 101
91 174
91 174
91 174
91 174
91 174
91 174
137 228
137 228
108 134
108 134
102 125
102 125
106 251
106 251
106 251
106 251
98 275
98 275
98 275
98 275
98 275
98 275
98 275
98 275
98 275
98 275
98 275
98 275
78 188
136 170
136 170
136 170
136 170
136 170
71 133
71 133
82 181
82 181
82 181
82 181
125 287
125 287
125 287
125 287
86 168
86 168
95 219
111 216
132 157
65 192
65 192
65 192
65 192
65 192
65 192
65 192
65 192
65 192
65 192
65 192
65 192
65 192
65 192
65 192
65 192
65 192
65 192
156 199
182 199
184 242
77 138
77 138
115 183
86 304
86 304
47 198
218 306
146 400
80 91
80 91
80 91
80 91
80 91
80 91
115 160
80 148
80 148
45 261
103 203
103 203
65 287
65 287
65 287
65 287
65 287
152 339
215 267
112 245
95 200
86 86
100 171
72 121
72 121
73 282
228 307
115 332
124 171
90 138
85 182
85 182
85 182
85 182
85 182
85 182
85 182
85 182
72 302
133 191
111 195
73 211
66 122
66 122
135 306
119 142
68 207
68 207
68 207
68 207
68 207
68 207
68 207
68 207
68 207
135 219
179 203
104 152
74 223
74 223
74 223
83 158
122 144
50 179
119 334
106 175
106 175
131 303
131 303
149 361
149 361
82 129
66 210
85 144
72 274
72 274
101 150
101 150
101 150
99 140
65 227
65 227
61 207
61 207
61 207
61 207
58 191
58 191
58 191
58 191
58 191
58 191
58 191
58 191
64 138
64 138
48 280
48 280
48 280
48 280
48 280
48 280
65 238
65 238
65 238
65 238
65 238
65 238
65 238
65 238
76 199
76 199
76 199
82 168
82 168
82 168
82 168
93 168
93 168
69 152
69 152
69 152
93 170
93 170
90 159
90 159
90 159
80 136
80 136
79 312
79 312
58 240
58 240
110 202
110 202
47 203
47 203
65 193
65 193
69 184
69 184
69 184
69 184
66 213
66 213
66 213
66 213
85 157
85 157
85 157
84 148
84 148
84 148
78 267
78 267
79 264
79 264
79 264
79 264
70 283
70 283
72 256
72 256
106 231
106 231
62 207
62 207
84 144
84 144
71 126
71 126
71 126
71 126
71 126
71 126
82 270
82 270
82 270
82 270
98 270
50 140
50 140
169 278
169 278
122 300
79 155
68 227
68 227
68 227
68 227
68 227
68 227
114 202
114 202
114 202
114 202
80 208
80 208
80 208
80 208
80 208
80 208
80 208
80 208
78 196
78 196
78 196
78 196
78 196
78 196
102 172
88 125
86 135
86 135
77 98
77 98
64 68
64 68
82 151
82 151
155 317
155 317
96 139
96 139
235 318
235 318
95 284
95 284
65 273
65 273
62 264
62 264
65 277
65 277
65 267
65 267
137 236
