163
-1
-1
135 327
102 192
102 192
102 192
102 192
102 192
102 192
70 203
70 203
70 203
117 327
105 204
105 204
105 231
105 231
105 231
105 231
105 231
105 231
105 231
105 231
105 231
105 231
106 127
106 127
237 324
237 324
220 305
220 305
159 298
159 298
62 112
62 112
136 361
136 361
164 315
237 312
237 312
204 339
204 339
144 187
144 187
140 356
133 339
133 339
133 339
133 339
133 339
133 339
133 339
133 339
133 339
133 339
133 339
133 339
120 170
120 170
76 109
76 109
157 365
157 365
157 365
157 365
157 365
157 365
157 365
157 365
121 345
121 345
121 345
121 345
182 324
182 324
186 311
186 311
67 60
67 60
67 60
67 60
67 60
67 60
67 60
67 60
166 340
166 340
133 302
133 302
124 328
124 328
124 328
124 328
130 282
130 282
130 282
130 282
162 352
162 352
233 381
233 381
233 381
233 381
233 381
233 381
173 357
173 357
183 337
183 337
183 337
183 337
124 178
124 178
112 377
112 377
188 356
188 356
188 356
188 356
147 367
147 367
141 161
141 161
125 137
125 137
172 309
172 309
172 309
172 309
136 168
136 168
133 185
133 185
133 185
133 185
85 123
85 123
177 296
177 296
116 349
116 349
116 349
116 349
116 349
116 349
247 330
247 330
232 333
232 333
101 108
101 108
198 232
198 232
198 232
198 232
198 232
198 232
198 232
198 232
175 212
175 212
175 212
175 212
175 212
175 212
