364
-1
-1
197 584
197 584
291 380
291 380
291 380
291 380
163 298
163 298
163 298
163 298
305 637
305 637
220 584
220 584
174 298
174 298
225 656
225 656
225 656
225 656
117 691
65 739
154 327
224 272
80 292
450 681
200 322
95 319
181 276
146 215
155 238
133 218
204 453
143 285
153 532
153 532
114 237
114 237
173 220
283 450
283 450
130 436
130 436
76 226
139 597
139 597
138 338
141 189
141 189
127 548
127 548
127 548
127 548
127 548
127 548
141 512
141 512
125 281
125 281
125 281
148 666
210 623
351 432
270 722
147 552
149 733
125 181
219 390
338 639
283 593
283 593
283 593
283 593
283 593
283 593
320 331
320 331
299 370
299 370
299 370
299 370
329 616
329 616
329 616
329 616
329 616
329 616
248 334
248 334
248 334
248 334
302 614
302 614
226 618
226 618
226 618
450 622
450 622
450 622
357 388
357 388
407 643
407 643
407 643
407 643
407 643
407 643
407 643
407 643
231 609
231 609
197 280
197 280
197 280
197 280
197 280
197 280
293 682
293 682
293 682
293 682
341 633
341 633
304 631
304 631
272 578
219 348
126 246
126 246
361 635
425 604
417 672
417 672
385 724
385 724
475 665
475 665
269 665
269 665
269 665
334 598
334 598
283 655
283 655
326 572
326 572
470 581
470 581
222 256
222 256
263 619
263 619
263 619
263 619
400 642
400 642
400 642
400 642
261 686
261 686
261 686
261 686
261 686
261 686
287 262
287 262
324 629
324 629
324 629
324 629
324 629
324 629
264 415
264 415
226 311
226 311
226 311
226 311
226 311
226 311
226 311
226 311
309 672
309 672
206 696
206 696
235 623
235 623
383 559
383 559
309 645
309 645
297 580
297 580
257 341
257 341
314 673
314 673
281 324
281 324
252 301
252 301
146 311
146 311
171 321
171 321
230 288
230 288
326 560
326 560
525 752
525 752
511 628
511 628
439 738
439 738
451 684
451 684
388 689
388 689
266 719
266 719
391 602
391 602
292 625
292 625
292 625
292 625
217 271
217 271
287 727
287 727
287 727
287 727
253 256
253 256
253 256
253 256
253 256
253 256
349 614
349 614
330 608
330 608
309 632
309 632
309 341
309 341
304 486
304 486
233 491
233 491
174 280
174 280
344 541
344 541
338 624
338 624
338 624
338 624
338 624
338 624
338 624
338 624
208 642
208 642
97 243
125 389
125 389
125 389
186 219
125 159
89 119
146 395
146 395
234 763
79 728
79 728
214 728
161 402
161 402
161 402
161 402
161 402
161 402
161 402
161 402
141 559
141 559
225 553
166 344
166 344
176 277
176 277
312 395
312 395
166 295
166 295
166 295
166 295
166 295
166 295
155 428
155 428
155 428
155 428
203 468
203 468
165 523
165 523
165 523
181 517
181 517
178 548
178 548
169 312
169 312
169 312
169 312
169 312
169 312
139 436
139 436
140 439
140 439
136 427
136 427
135 419
135 419
172 406
172 406
176 412
176 412
176 412
176 412
192 628
169 334
169 334
175 327
175 327
144 571
144 571
144 571
144 571
144 571
144 571
184 326
184 326
174 381
174 381
174 381
174 381
174 381
174 381
206 401
206 401
206 401
206 401
178 455
178 455
178 455
178 455
166 455
166 455
