236
-1
-1
162 357
162 357
162 357
159 249
148 229
177 606
161 215
161 215
208 395
208 395
208 395
208 395
209 334
209 334
209 334
209 334
208 255
208 255
208 255
208 255
154 664
154 664
150 418
150 418
150 418
150 418
135 425
135 425
135 425
135 425
183 425
183 425
183 425
183 425
183 425
183 425
159 396
159 396
159 396
159 396
159 396
159 396
175 329
175 329
150 642
150 642
191 337
191 337
191 337
191 337
191 337
191 337
181 372
181 372
181 372
190 329
184 635
75 559
134 613
134 613
134 613
134 613
134 613
134 613
91 396
174 246
134 240
134 240
197 529
197 529
144 573
144 573
178 585
178 585
233 481
358 696
204 650
171 240
171 240
345 553
173 411
234 553
245 466
245 466
244 448
244 448
218 460
218 460
147 281
100 144
168 456
168 456
168 456
168 456
238 604
337 602
313 397
204 561
204 561
161 740
161 740
227 370
227 370
227 370
287 698
237 565
220 728
220 728
298 527
298 527
201 580
202 556
403 670
362 683
362 683
269 322
269 322
264 651
264 651
300 329
259 670
207 247
207 247
272 639
272 639
272 639
272 639
272 639
272 639
282 672
282 672
403 712
403 712
403 712
403 712
358 704
358 704
307 614
307 614
182 605
182 605
317 679
289 634
309 591
309 591
231 560
231 560
253 659
253 659
253 659
253 659
359 457
359 457
232 640
232 640
322 732
322 732
322 732
183 413
183 413
270 335
270 335
297 718
232 429
232 429
262 317
262 317
262 317
262 317
262 317
262 317
270 453
270 453
270 453
270 453
248 320
248 320
248 320
248 320
248 320
248 320
391 376
391 376
126 260
126 260
126 260
126 260
126 260
126 260
126 260
126 260
126 260
126 260
126 260
126 260
126 260
126 260
126 260
126 260
396 646
396 646
186 257
186 257
167 558
167 558
442 424
442 424
442 471
442 471
257 461
257 461
344 658
344 658
315 683
315 683
315 683
179 197
179 197
340 638
340 638
277 723
277 723
263 606
263 606
345 702
345 702
290 786
290 786
308 691
308 691
186 289
186 289
244 645
244 645
344 724
344 724
