382
-1
-1
79 152
79 152
94 174
94 174
108 156
108 156
181 294
181 294
241 345
241 345
234 345
234 345
233 345
233 345
223 345
223 345
215 325
215 325
135 333
135 333
190 313
190 313
135 335
135 335
135 335
135 335
115 148
115 148
135 330
135 330
135 330
135 330
135 140
135 140
135 140
135 140
135 140
135 140
185 330
185 330
160 330
160 330
160 329
160 329
160 179
160 179
149 227
149 227
115 227
115 227
87 152
87 152
181 290
181 290
185 335
185 335
185 335
185 335
185 335
185 335
185 335
185 335
95 341
95 341
52 115
66 185
66 185
66 185
85 100
67 87
44 62
71 186
71 186
106 347
43 347
43 347
113 347
78 211
78 211
78 211
78 211
78 211
78 211
78 211
78 211
75 285
75 285
104 285
92 186
92 186
92 152
92 152
150 186
150 186
76 162
76 162
76 162
76 162
76 162
76 162
79 196
79 196
79 196
79 196
96 232
96 232
80 266
80 266
80 266
82 274
82 274
82 266
82 266
80 150
80 150
80 150
80 150
80 150
80 150
66 231
66 231
64 205
64 205
67 194
67 194
66 190
66 190
94 215
94 215
94 200
94 200
94 200
94 200
96 305
84 168
84 168
83 168
83 168
78 277
78 277
78 277
78 277
78 277
78 277
94 157
94 157
95 192
95 192
95 192
95 192
95 192
95 192
95 191
95 191
95 191
95 191
95 215
95 215
95 215
95 215
78 215
78 215
79 266
79 266
121 267
105 164
105 164
95 156
95 156
95 156
95 156
95 156
95 156
81 307
81 307
85 307
85 307
85 307
85 307
72 97
72 97
72 97
113 282
43 282
99 353
99 353
99 353
99 353
99 353
99 353
99 164
99 164
99 164
99 164
45 95
100 187
100 187
100 120
100 120
100 154
100 154
74 220
74 220
74 220
78 159
78 159
78 159
78 159
78 159
78 159
106 125
106 125
106 125
67 215
67 215
67 219
67 219
81 272
81 272
81 272
81 272
81 272
81 272
81 272
81 272
84 277
84 277
113 336
100 221
100 221
113 163
116 155
116 155
116 155
116 155
113 142
130 201
62 132
62 132
62 132
62 132
70 191
70 191
70 191
70 191
66 193
66 193
67 190
67 190
64 241
64 241
152 231
152 231
152 231
152 231
59 162
59 162
92 155
92 155
80 154
80 154
89 299
89 299
106 240
106 240
64 123
64 123
64 123
64 123
64 123
64 123
51 207
51 207
92 213
92 213
51 206
51 206
53 208
53 208
94 188
94 188
94 188
77 131
77 131
101 168
101 168
70 148
70 148
55 253
55 253
56 257
56 257
42 92
90 92
62 233
62 233
78 231
78 231
78 231
78 231
61 231
61 231
45 231
45 231
68 152
82 286
45 93
74 196
74 196
74 196
74 196
74 196
74 196
75 87
75 87
65 177
65 177
112 133
60 232
60 232
63 232
63 232
68 307
68 307
68 307
68 307
68 307
68 307
83 305
83 305
83 307
83 307
83 307
83 307
101 110
101 110
48 134
48 134
72 137
72 137
72 137
48 181
48 181
48 181
48 181
55 189
55 189
59 259
59 259
59 259
59 259
73 171
73 171
73 171
73 171
73 171
73 171
56 106
190 290
82 177
82 177
82 177
82 177
112 118
44 131
112 266
43 266
94 313
94 313
94 313
94 313
84 314
84 314
84 314
106 238
106 238
106 238
75 121
75 121
55 106
39 204
39 204
