331
-1
-1
229 616
229 616
167 312
167 312
190 426
218 454
246 303
138 371
138 371
284 371
371 388
371 454
166 306
166 306
218 403
164 559
164 559
89 379
405 680
325 735
172 174
172 174
172 174
172 174
172 174
172 174
217 341
154 329
154 329
101 477
212 393
212 393
139 558
139 558
139 558
335 736
435 511
204 511
191 413
182 191
199 362
159 260
159 260
139 528
182 372
471 598
255 652
269 331
170 307
338 655
171 335
171 335
171 335
171 335
171 335
171 335
171 335
171 335
134 577
253 359
209 419
156 418
129 256
129 256
255 650
253 293
146 435
146 435
146 435
146 435
146 435
146 435
146 435
146 435
146 435
280 435
343 371
218 317
158 419
158 419
158 419
179 303
263 320
97 392
244 651
214 357
214 357
242 672
242 672
320 671
320 671
152 255
132 390
160 262
141 583
141 583
192 287
192 287
192 287
211 305
129 415
129 415
129 396
129 396
129 396
129 396
129 363
129 363
129 363
129 363
129 363
129 363
129 363
129 363
129 296
129 296
101 515
101 515
101 515
101 515
101 515
101 515
136 442
136 442
136 442
136 442
136 442
136 442
136 442
136 442
161 380
161 380
161 380
159 331
159 331
159 331
159 331
202 325
202 325
150 322
150 322
150 322
181 312
181 312
182 312
182 312
182 312
163 259
163 259
148 591
148 591
119 442
119 442
202 439
202 439
93 414
93 414
130 411
130 411
136 409
136 409
136 409
136 409
130 407
130 407
130 407
130 407
161 331
161 331
161 331
161 271
161 271
161 271
160 544
160 544
144 544
144 544
144 544
144 544
144 517
144 517
141 517
141 517
222 466
222 466
127 461
127 461
161 276
161 276
135 266
135 266
135 266
135 266
135 266
135 266
158 569
158 569
158 569
158 569
201 501
100 296
100 296
90 377
90 377
315 585
315 585
268 644
148 295
132 435
132 435
132 435
132 435
132 435
132 435
253 398
253 398
160 395
160 395
160 395
160 395
160 395
160 395
160 395
160 395
170 386
170 386
170 386
170 386
170 386
170 386
224 368
186 265
163 265
163 265
160 195
160 195
145 195
134 141
134 141
162 314
162 314
289 582
289 582
196 308
196 308
444 624
444 624
211 624
211 624
127 575
127 575
127 572
127 572
124 570
124 570
126 567
126 567
251 497
100 456
100 456
100 456
100 456
100 456
100 456
100 456
100 456
100 456
100 456
235 267
284 597
267 572
247 572
267 537
303 510
110 463
110 463
233 297
223 297
212 235
357 659
220 745
220 745
309 654
309 654
309 654
309 654
376 654
376 654
376 654
376 654
275 631
275 631
209 631
209 631
234 625
234 625
409 604
409 604
376 604
376 604
342 604
342 604
309 604
309 604
242 604
242 604
242 410
242 410
335 405
335 405
234 335
234 335
209 288
209 288
242 244
242 244
242 244
242 244
242 244
242 244
242 244
242 244
220 612
190 334
190 334
157 334
157 334
157 334
157 334
157 451
157 451
