231
-1
-1
197 442
197 442
197 442
197 442
94 318
94 318
165 598
165 598
165 598
139 611
139 611
139 611
139 611
147 341
147 341
147 341
147 341
147 341
147 341
123 401
123 401
117 503
117 503
115 431
115 431
98 430
98 430
108 308
108 308
200 413
107 482
107 482
107 482
107 482
107 482
107 482
115 482
115 482
115 482
115 482
115 482
115 482
107 496
107 496
132 189
132 189
113 193
196 368
196 368
196 368
196 368
196 368
196 368
147 254
147 254
266 442
266 442
246 289
246 289
198 295
198 295
239 506
239 506
239 506
239 506
187 478
187 478
187 478
187 478
187 478
187 478
187 478
187 478
162 352
225 350
225 350
225 350
225 350
225 350
170 243
170 243
143 373
143 373
143 373
143 373
233 605
233 605
213 592
213 592
183 333
183 333
189 392
214 476
229 276
134 385
134 385
276 338
378 395
385 499
174 288
174 288
214 367
167 603
167 603
87 386
397 612
309 779
155 182
155 182
155 182
155 182
155 182
155 182
198 307
151 310
151 310
110 491
226 416
226 416
126 525
126 525
126 525
305 722
401 501
214 491
196 376
166 186
212 348
147 270
147 270
148 523
189 369
503 657
253 684
271 340
167 337
315 636
181 355
181 355
181 355
181 355
181 355
181 355
181 355
181 355
142 623
241 352
217 456
153 438
128 279
128 279
248 682
273 322
136 422
136 422
136 422
136 422
136 422
136 422
136 422
136 422
136 422
294 469
356 353
226 332
152 407
152 407
152 407
171 282
237 301
89 423
242 709
222 371
222 371
244 678
244 678
352 738
352 738
161 240
126 387
149 272
127 549
127 549
195 267
195 267
195 267
229 299
117 382
117 382
122 361
122 361
122 361
122 361
141 366
141 366
141 366
141 366
141 366
141 366
141 366
141 366
118 322
118 322
106 464
106 464
106 464
106 464
106 464
106 464
145 412
145 412
145 412
145 412
145 412
145 412
145 412
145 412
160 414
160 414
160 414
171 322
171 322
171 322
171 322
192 296
192 296
160 300
160 300
160 300
169 321
169 321
