109
-1
-1
228 366
228 366
228 366
228 366
227 366
227 366
227 366
227 366
228 234
228 234
228 234
228 234
163 706
163 706
149 414
149 414
149 414
149 414
149 413
149 413
149 413
149 413
170 409
170 409
170 409
170 409
170 409
170 409
170 408
170 408
170 408
170 408
170 408
170 408
170 311
170 311
148 668
148 668
184 351
184 351
184 351
184 351
184 351
184 351
171 351
171 351
171 351
187 308
199 588
83 588
127 558
127 558
127 558
127 558
127 558
127 558
85 367
166 270
123 266
123 266
185 551
185 551
135 551
135 551
187 547
187 547
231 472
338 670
200 597
187 227
187 227
332 503
180 437
254 517
227 457
227 457
222 457
222 457
229 451
229 451
154 271
105 154
175 448
175 448
175 448
175 448
258 570
307 574
307 405
224 566
224 566
147 804
147 804
217 360
217 360
217 360
292 685
241 539
208 681
208 681
274 585
274 585
196 604
195 604
370 664
369 664
369 664
280 349
280 349
