211
-1
-1
82 201
54 171
54 171
54 171
54 168
54 168
54 132
54 132
54 132
54 156
54 156
54 156
54 149
54 149
54 149
213 352
213 352
162 337
233 337
233 337
233 337
163 335
207 337
207 337
101 130
101 130
129 273
129 273
79 273
79 273
193 334
79 211
79 211
79 211
79 211
161 258
145 176
155 294
155 344
155 344
169 252
157 169
157 169
157 169
157 344
157 344
157 344
127 344
127 344
233 317
233 317
85 187
184 320
185 320
111 314
40 212
40 212
147 315
147 315
110 290
80 136
80 136
80 136
80 136
80 136
80 136
80 136
80 136
148 176
148 176
146 249
146 249
104 142
104 142
90 286
90 286
121 242
121 242
184 260
113 300
113 300
113 300
115 218
115 218
115 218
115 218
210 420
210 420
210 420
210 420
163 420
163 420
163 420
163 420
137 284
137 284
205 239
159 185
118 231
116 146
241 330
241 330
135 152
135 152
85 326
120 195
138 213
138 213
55 90
64 159
64 159
81 187
81 187
81 175
60 162
94 312
110 173
116 261
109 261
120 324
104 202
76 196
76 196
76 196
76 196
76 196
76 196
40 213
61 186
69 248
69 248
69 206
69 206
45 234
45 234
57 220
57 220
70 211
70 211
70 211
101 148
106 146
92 227
92 227
92 227
92 227
80 141
131 267
84 111
84 111
117 252
81 161
81 161
81 161
80 95
80 95
80 95
90 93
90 93
90 315
90 315
103 213
77 308
77 308
66 85
66 85
133 221
87 219
99 218
99 218
104 132
47 199
104 321
66 274
66 274
66 274
66 274
128 165
128 165
128 165
81 350
81 350
81 350
81 350
81 350
81 350
81 350
81 350
81 350
81 350
65 190
65 190
65 190
65 190
65 190
65 190
65 190
65 190
65 190
65 190
166 206
136 351
96 206
96 206
96 206
96 206
96 206
96 206
70 213
70 213
70 213
