173
-1
-1
68 228
49 244
136 238
81 253
81 253
81 253
81 253
76 76
76 76
76 76
76 76
74 152
74 152
97 204
97 204
97 204
71 244
91 239
63 368
63 368
103 349
103 349
100 295
100 295
100 295
73 235
73 235
73 235
73 235
86 94
86 94
86 94
86 94
64 211
64 211
64 211
64 211
64 211
64 211
64 211
64 211
64 211
64 211
64 211
64 211
64 211
64 211
64 211
64 211
200 254
200 254
163 200
163 200
187 214
187 214
187 313
187 313
187 313
187 313
187 313
187 313
70 248
70 248
53 174
53 174
89 153
89 153
76 196
76 196
67 118
67 118
56 148
56 148
54 121
54 121
110 148
110 148
69 205
69 205
70 303
70 303
65 276
65 276
71 242
71 242
73 242
73 242
50 284
50 284
89 198
89 198
89 198
89 198
89 198
89 198
94 199
94 199
69 186
69 186
69 186
69 186
69 186
69 186
69 186
69 186
69 186
69 186
69 186
69 186
69 186
69 186
69 186
69 186
69 186
69 186
47 112
47 112
44 110
44 110
72 186
72 186
72 186
72 186
72 186
72 186
72 186
72 186
72 186
72 186
72 186
72 186
72 186
72 186
72 186
72 186
72 186
72 186
72 186
72 186
72 186
72 186
72 186
72 186
72 186
72 186
72 186
72 186
72 186
72 186
137 151
121 189
121 189
121 189
73 323
73 323
59 141
59 141
62 172
62 172
62 172
62 172
62 172
62 172
151 168
151 168
128 238
144 229
120 346
85 209
85 209
85 209
85 209
122 203
