359
-1
-1
80 349
80 349
80 349
80 349
141 182
141 182
141 182
141 182
141 182
150 196
150 196
132 842
185 173
106 465
106 465
99 511
99 511
117 555
117 555
195 329
198 428
198 428
198 428
198 428
198 428
198 428
198 428
198 428
77 140
217 697
79 671
140 325
140 325
140 325
140 325
140 325
140 325
121 221
121 221
121 221
186 434
127 437
127 437
109 519
109 519
86 351
106 421
106 421
132 532
132 532
132 532
132 532
132 532
132 532
236 268
236 268
169 437
169 437
169 437
169 437
97 311
97 311
159 567
159 567
159 567
139 660
139 660
139 660
139 660
163 391
163 391
163 391
163 391
163 391
163 391
111 451
111 451
117 508
117 508
114 439
114 439
91 368
91 368
117 331
117 331
212 437
102 447
102 447
102 447
102 447
102 447
102 447
112 482
112 482
112 482
112 482
112 482
112 482
103 433
103 433
126 175
126 175
119 177
194 346
194 346
194 346
194 346
194 346
194 346
159 249
159 249
276 461
276 461
212 258
212 258
184 273
184 273
243 511
243 511
243 511
243 511
213 489
213 489
213 489
213 489
213 489
213 489
213 489
213 489
140 424
245 354
245 354
245 354
245 354
245 354
142 243
142 243
140 321
140 321
140 321
140 321
218 666
218 666
235 652
235 652
162 330
162 330
195 409
216 494
250 315
140 400
140 400
312 338
346 422
342 494
179 330
179 330
231 431
153 598
153 598
82 394
381 734
299 742
173 159
173 159
173 159
173 159
173 159
173 159
207 358
163 361
163 361
92 515
193 432
193 432
135 508
135 508
135 508
338 809
405 536
224 476
200 405
177 198
200 387
156 270
156 270
145 564
164 383
494 575
277 600
259 325
169 283
305 681
165 315
165 315
165 315
165 315
165 315
165 315
165 315
165 315
143 543
241 338
219 456
166 455
136 258
136 258
270 682
238 316
151 414
151 414
151 414
151 414
151 414
151 414
151 414
151 414
151 414
288 405
353 400
201 332
154 431
154 431
154 431
189 273
276 336
93 411
230 696
208 336
208 336
223 678
223 678
304 618
304 618
165 272
129 397
157 267
145 525
145 525
211 307
211 307
211 307
209 290
138 423
138 423
136 365
136 365
136 365
136 365
132 353
132 353
132 353
132 353
132 353
132 353
132 353
132 353
138 279
138 279
103 495
103 495
103 495
103 495
103 495
103 495
146 434
146 434
146 434
146 434
146 434
146 434
146 434
146 434
172 369
172 369
172 369
150 312
150 312
150 312
150 312
182 357
182 357
151 303
151 303
151 303
184 294
184 294
185 333
185 333
185 333
177 249
177 249
158 614
158 614
124 434
124 434
190 474
190 474
88 455
88 455
141 383
141 383
146 421
146 421
146 421
146 421
132 431
132 431
132 431
132 431
160 322
160 322
160 322
152 253
152 253
152 253
154 554
154 554
146 490
146 490
146 490
146 490
132 537
132 537
145 558
145 558
228 507
228 507
129 434
129 434
172 284
172 284
127 276
127 276
127 276
127 276
127 276
127 276
173 558
173 558
173 558
173 558
203 496
109 319
109 319
99 388
99 388
327 556
327 556
258 689
143 315
131 427
131 427
131 427
131 427
131 427
131 427
233 437
233 437
