346
-1
-1
76 130
76 130
200 216
200 216
107 175
107 175
139 289
139 289
128 138
128 138
116 264
116 264
121 368
121 368
121 368
121 368
85 321
85 321
98 155
98 155
98 155
98 155
106 125
106 125
204 325
95 361
95 361
181 354
181 354
181 354
181 354
159 301
159 301
159 301
159 301
159 301
159 301
159 301
159 301
159 301
159 301
188 348
188 348
132 319
132 319
130 134
130 134
138 151
138 151
168 326
168 326
149 224
149 224
149 224
149 224
113 287
116 270
121 248
132 256
117 259
93 345
93 345
93 345
93 345
93 345
93 345
93 345
93 345
67 235
67 235
67 252
67 252
62 202
62 202
50 214
50 214
93 385
93 385
84 369
84 369
117 283
129 260
147 258
147 258
147 258
147 258
147 258
119 159
79 130
79 130
79 130
79 130
119 321
147 407
191 190
124 190
75 144
145 363
145 363
217 335
217 335
164 311
164 311
186 284
186 284
161 238
161 238
103 191
103 191
99 357
99 357
127 358
127 358
264 295
183 305
178 309
178 309
178 309
178 309
156 275
156 275
156 275
132 220
132 220
113 166
65 355
106 287
200 307
135 184
111 186
92 383
92 383
92 383
289 345
175 358
175 358
175 358
175 358
175 358
63 180
63 180
63 180
63 180
63 180
63 180
68 163
68 163
171 301
171 301
86 252
71 241
71 241
187 353
187 353
138 320
54 85
104 125
213 233
55 141
55 141
139 334
137 142
137 142
135 136
137 347
95 260
95 260
107 218
107 218
118 131
168 310
108 220
55 216
55 216
55 191
55 191
77 92
77 92
77 92
77 92
77 92
77 92
56 267
56 267
57 267
57 267
122 467
58 280
58 280
56 260
56 260
128 180
132 166
132 166
132 166
132 166
132 166
132 166
130 206
120 206
107 277
125 327
173 300
173 300
71 349
71 349
92 352
92 352
74 172
74 172
74 172
74 172
74 172
74 172
87 388
44 346
103 263
103 263
103 263
103 263
53 245
53 245
53 245
53 245
53 245
53 245
53 245
53 245
53 245
53 245
91 207
91 207
120 128
92 242
60 123
83 161
88 251
97 307
97 307
97 307
100 299
100 299
70 274
70 274
54 172
54 172
54 172
60 225
60 225
54 212
54 212
60 223
60 223
139 202
89 189
77 157
77 157
77 157
77 157
77 157
77 157
77 157
77 157
65 73
65 73
66 71
60 149
60 149
60 149
60 149
93 191
93 191
48 87
80 201
80 201
88 198
88 198
88 198
88 198
87 172
87 172
87 172
87 172
83 303
83 303
50 183
50 183
71 183
71 183
71 183
71 183
71 183
71 183
71 183
71 183
83 154
83 154
120 210
120 210
120 210
120 210
120 210
97 96
102 214
97 172
97 172
98 134
98 134
98 134
98 134
98 134
98 134
76 129
76 129
76 129
76 129
63 100
191 272
191 273
133 150
133 150
133 150
133 150
133 150
64 223
64 223
94 278
94 278
94 278
94 278
94 278
94 278
73 253
73 253
73 253
73 253
80 293
80 293
80 293
80 293
80 293
80 293
72 251
72 251
92 234
92 234
