126
-1
-1
69 127
69 127
53 102
37 206
37 206
75 206
75 206
53 272
53 272
82 167
65 205
67 205
67 205
74 207
74 207
74 207
74 207
130 350
117 230
117 230
117 230
78 321
78 321
87 139
87 139
71 134
127 186
127 186
72 264
72 264
72 264
72 264
71 153
71 153
61 76
61 76
86 89
102 163
102 163
139 342
139 342
139 342
139 342
86 114
86 114
175 300
175 300
67 201
81 264
81 264
43 220
43 220
85 248
85 248
63 235
63 235
80 227
80 227
67 319
67 319
67 319
67 319
67 319
67 319
71 306
71 306
82 188
82 188
97 212
97 212
82 180
82 180
82 180
82 180
82 180
82 180
82 180
82 180
82 180
82 180
82 180
82 180
82 180
82 180
82 180
82 180
82 180
82 180
80 186
80 186
80 186
80 186
80 186
80 186
80 186
80 186
80 186
80 186
80 186
77 138
77 138
87 125
87 125
78 128
78 128
78 128
78 128
49 204
49 204
61 192
97 149
79 144
79 144
79 144
79 144
76 313
96 336
96 336
90 286
90 286
99 209
97 167
97 167
98 203
48 70
112 199
