367
-1
-1
64 223
64 223
94 278
94 278
94 278
94 278
94 278
94 278
73 253
73 253
73 253
73 253
80 293
80 293
80 293
80 293
80 293
80 293
72 251
72 251
92 234
92 234
90 178
90 178
96 290
96 290
106 168
101 161
93 162
93 162
106 149
141 161
92 151
92 151
92 151
92 151
92 151
92 151
131 135
131 135
72 323
72 323
72 323
72 323
72 323
72 323
72 323
72 323
147 178
152 360
152 360
151 299
151 299
87 260
87 260
170 188
170 188
170 188
170 188
87 146
87 146
87 146
87 146
148 360
148 360
116 318
116 318
88 158
88 158
126 336
126 336
126 336
126 336
59 376
35 366
71 150
110 129
44 125
225 364
96 161
46 172
87 131
67 117
75 105
63 117
95 199
70 121
77 260
77 260
55 135
55 135
82 113
131 231
131 231
78 188
78 188
40 131
65 260
65 260
68 177
69 94
69 94
58 323
58 323
58 323
58 323
58 323
58 323
77 240
77 240
69 160
69 160
69 160
71 313
94 318
166 233
147 389
69 266
84 306
75 82
93 173
178 342
143 303
143 303
143 303
143 303
143 303
143 303
151 171
151 171
141 167
141 167
141 167
141 167
179 343
179 343
179 343
179 343
179 343
179 343
179 343
127 145
127 145
127 145
127 145
162 339
162 339
162 339
162 339
162 339
162 339
123 299
123 299
123 299
224 311
224 311
224 311
162 174
162 174
176 354
176 354
176 354
176 354
176 354
176 354
176 354
176 354
117 314
117 314
113 147
113 147
113 147
113 147
113 147
113 147
139 357
139 357
139 357
139 357
162 349
162 349
143 358
143 358
148 328
115 172
115 172
74 114
74 114
201 320
200 319
200 323
200 323
205 342
205 342
242 355
242 355
139 300
139 300
139 300
149 303
149 303
156 336
156 336
164 307
164 307
212 330
212 330
102 129
102 129
140 297
140 297
140 297
140 297
184 343
184 343
184 343
184 343
125 308
125 308
125 308
125 308
125 308
125 308
139 141
139 141
154 321
154 321
154 321
154 321
154 321
154 321
129 207
129 207
123 146
123 146
123 146
123 146
123 146
123 146
123 146
123 146
152 343
152 343
90 352
90 352
128 323
128 323
216 327
216 327
146 322
146 322
139 338
139 338
142 199
142 199
164 342
164 342
157 153
157 153
116 162
116 162
86 143
86 143
97 175
97 175
111 144
111 144
197 323
197 323
239 379
239 379
220 351
220 351
253 365
253 365
219 311
219 311
211 296
211 296
136 342
136 342
177 304
177 304
136 329
136 329
136 329
136 329
104 134
104 134
130 311
130 311
130 311
130 311
130 126
130 126
130 126
130 126
130 126
130 126
169 301
169 301
164 359
164 359
157 300
157 300
174 184
174 184
156 209
156 209
126 233
126 233
80 145
80 145
182 270
182 270
184 355
184 355
184 355
184 355
184 355
184 355
184 355
184 355
100 344
100 344
52 112
61 196
61 196
61 196
78 90
68 92
41 62
78 195
78 195
98 350
43 374
43 374
104 360
78 227
78 227
78 227
78 227
78 227
78 227
78 227
78 227
72 287
72 287
107 296
96 191
96 191
88 158
88 158
159 200
159 200
73 163
73 163
73 163
73 163
73 163
73 163
72 177
72 177
72 177
72 177
87 238
87 238
