150
-1
-1
83 117
83 117
108 264
75 145
75 145
75 145
74 103
74 103
74 103
83 88
83 88
91 290
91 290
107 194
70 287
70 287
68 89
68 89
142 206
90 223
105 210
105 210
110 125
44 214
112 340
67 276
67 276
67 276
67 276
116 164
116 164
116 164
81 385
81 385
81 385
81 385
81 385
81 385
81 385
81 385
81 385
81 385
60 191
60 191
60 191
60 191
60 191
60 191
60 191
60 191
60 191
60 191
175 192
135 327
102 192
102 192
102 192
102 192
102 192
102 192
70 203
70 203
70 203
117 327
105 204
105 204
105 231
105 231
105 231
105 231
105 231
105 231
105 231
105 231
105 231
105 231
106 127
106 127
237 324
237 324
220 305
220 305
159 298
159 298
62 112
62 112
136 361
136 361
164 315
237 312
237 312
204 339
204 339
144 187
144 187
140 356
133 339
133 339
133 339
133 339
133 339
133 339
133 339
133 339
133 339
133 339
133 339
133 339
120 170
120 170
76 109
76 109
157 365
157 365
157 365
157 365
157 365
157 365
157 365
157 365
121 345
121 345
121 345
121 345
182 324
182 324
186 311
186 311
67 60
67 60
67 60
67 60
67 60
67 60
67 60
67 60
166 340
166 340
133 302
133 302
124 328
124 328
124 328
124 328
130 282
130 282
130 282
130 282
162 352
162 352
