214
-1
-1
231 359
231 359
231 359
231 359
305 644
128 657
141 365
141 365
166 369
166 369
173 213
158 220
150 648
150 648
144 355
144 355
97 209
164 227
188 541
188 541
171 380
171 380
201 343
201 343
201 343
201 343
201 343
201 343
203 274
203 274
268 318
268 318
221 706
222 319
251 552
111 310
248 412
265 386
253 378
218 578
302 612
236 571
224 450
248 420
218 724
228 722
287 440
258 416
260 298
271 282
144 572
381 663
290 326
247 658
257 608
213 689
185 333
318 712
167 735
176 331
176 331
176 331
176 331
168 337
168 337
116 341
235 546
235 546
99 558
99 558
131 228
181 582
236 421
141 341
141 341
141 341
141 341
141 340
141 340
141 340
141 340
136 607
136 607
140 402
140 402
180 413
180 413
180 413
180 413
180 413
180 413
180 413
180 413
180 413
168 671
168 671
192 356
192 356
192 356
192 356
192 356
192 356
192 356
192 356
198 281
198 281
101 227
186 656
109 443
109 443
99 344
99 344
89 376
89 376
86 393
86 393
86 393
86 393
156 182
156 182
156 182
156 182
156 182
152 196
152 196
127 770
160 185
120 511
120 511
96 465
96 465
126 477
126 477
205 332
175 386
175 386
175 386
175 386
175 386
175 386
175 386
175 386
78 155
207 620
93 717
135 302
135 302
135 302
135 302
135 302
135 302
114 251
114 251
114 251
198 402
118 424
118 424
118 559
118 559
96 392
108 429
108 429
133 526
133 526
133 526
133 526
133 526
133 526
196 258
196 258
197 442
197 442
197 442
197 442
94 318
94 318
165 598
165 598
165 598
139 611
139 611
139 611
139 611
147 341
147 341
147 341
147 341
147 341
147 341
123 401
123 401
117 503
117 503
115 431
115 431
98 430
98 430
108 308
108 308
200 413
107 482
107 482
107 482
107 482
107 482
107 482
115 482
115 482
115 482
115 482
115 482
115 482
107 496
107 496
