100
-1
-1
371 586
260 266
260 266
260 266
260 266
260 266
130 496
130 496
167 600
167 600
167 600
167 600
143 610
143 610
174 572
174 572
174 572
174 572
135 574
135 574
187 455
187 455
164 358
164 358
190 696
190 696
213 307
192 308
184 314
184 314
222 296
311 336
199 336
199 336
199 336
199 336
199 336
199 336
259 297
259 297
147 584
147 584
147 584
147 584
147 584
147 584
147 584
147 584
298 356
307 696
307 696
302 654
302 654
179 557
179 557
325 398
325 398
325 398
325 398
165 347
165 347
165 347
165 347
265 630
265 630
237 654
237 654
175 286
175 286
229 643
229 643
229 643
229 643
111 712
65 745
143 340
189 235
86 295
482 702
190 315
96 309
159 306
126 232
142 234
135 237
194 462
160 256
136 542
136 542
105 268
105 268
159 196
272 427
272 427
134 424
134 424
82 241
136 542
136 542
133 335
