90
-1
-1
100 196
172 238
195 521
195 521
183 373
183 373
183 340
183 340
183 340
183 340
183 340
183 340
225 282
225 282
253 353
253 353
240 642
233 325
242 613
108 282
255 389
255 355
255 347
242 589
280 680
245 555
233 442
253 386
222 659
224 708
271 444
271 420
246 320
266 284
154 567
374 614
277 336
240 664
234 633
219 627
198 354
303 648
161 669
195 352
195 352
195 352
195 352
162 318
162 318
120 328
229 587
229 587
96 587
96 587
135 237
184 587
232 452
149 338
149 338
149 338
149 338
154 312
154 312
154 312
154 312
144 579
144 579
144 369
144 369
166 409
166 409
166 409
166 409
166 409
166 409
166 409
166 409
166 409
162 665
162 665
199 367
199 367
199 367
199 367
199 367
199 367
199 367
199 367
200 302
200 302
