173
-1
-1
365 565
365 565
299 365
299 365
365 432
365 432
365 632
365 632
365 632
365 632
365 632
365 632
128 460
128 460
112 358
112 358
174 293
174 293
152 391
152 391
127 263
127 263
112 298
112 298
113 230
113 230
216 294
216 294
149 396
149 396
148 630
148 630
125 536
125 536
135 536
135 536
163 536
163 536
107 537
107 537
162 387
162 387
162 387
162 387
162 387
162 387
179 373
179 373
138 363
138 363
138 363
138 363
138 363
138 363
138 363
138 363
138 363
138 363
138 363
138 363
138 363
138 363
138 363
138 363
138 363
138 363
89 212
89 212
89 202
89 202
138 374
138 374
138 374
138 374
138 374
138 374
138 374
138 374
138 374
138 374
138 374
138 374
138 374
138 374
138 374
138 374
138 374
138 374
138 374
138 374
138 374
138 374
138 374
138 374
138 374
138 374
138 374
138 374
138 374
138 374
265 286
265 361
265 361
265 361
138 370
138 370
138 370
138 370
138 370
138 370
138 370
138 370
138 370
138 370
138 370
138 370
138 370
138 370
138 370
138 370
138 658
138 658
126 302
126 302
126 377
126 377
126 377
126 377
126 377
126 377
205 530
205 530
205 530
205 530
304 667
304 667
304 667
304 667
304 307
304 307
267 491
269 497
236 329
228 667
170 396
170 396
170 396
170 396
239 411
302 667
302 667
302 380
302 380
302 380
302 380
296 304
296 304
296 304
296 304
188 211
236 307
236 307
302 307
236 341
236 341
124 267
124 267
224 336
224 336
173 366
173 366
175 396
175 396
