267
-1
-1
149 332
149 332
149 332
149 332
184 226
184 226
122 345
122 345
160 342
160 342
160 342
90 216
90 216
146 181
146 181
126 402
118 156
118 156
118 156
118 156
118 156
118 156
149 227
149 227
149 227
149 227
127 163
127 163
127 163
127 163
127 163
127 163
196 192
196 192
65 128
65 128
65 128
65 128
65 128
65 128
65 128
65 128
65 128
65 128
65 128
65 128
65 128
65 128
65 128
65 128
173 300
173 300
85 134
85 134
84 312
84 312
223 243
223 243
229 253
229 253
128 228
128 228
159 313
159 313
161 291
161 291
161 291
77 112
77 112
152 295
152 295
138 355
138 355
147 316
147 316
151 331
151 331
150 357
150 357
150 357
150 357
87 134
87 134
127 302
127 302
181 358
181 358
149 183
149 183
165 366
148 293
54 259
54 259
67 95
67 95
67 95
63 131
98 187
58 108
83 355
68 192
69 178
69 178
64 204
64 204
82 185
82 185
82 185
82 185
82 185
82 185
89 268
89 268
89 268
89 268
89 268
89 268
85 252
85 252
55 172
55 172
88 242
88 242
79 249
79 249
72 82
72 82
95 312
95 312
95 312
95 312
60 421
60 421
60 421
60 421
70 276
70 276
83 266
83 266
83 266
83 266
111 222
111 222
68 334
68 334
68 334
68 334
65 285
65 285
65 285
65 285
65 285
65 285
64 278
64 278
139 197
64 280
64 280
65 252
65 252
70 232
70 232
49 204
49 204
108 220
67 295
67 295
72 259
72 259
63 297
63 297
63 297
63 297
74 253
74 253
65 291
65 291
65 291
65 291
58 299
58 299
58 299
58 299
91 287
91 287
74 295
74 295
80 350
80 350
89 310
89 310
87 301
87 301
80 88
80 88
80 88
80 88
78 287
78 287
77 302
77 302
79 102
79 102
83 302
83 302
84 96
84 96
97 303
97 303
92 99
92 99
98 99
98 99
98 99
98 99
98 99
98 99
98 99
98 99
91 97
91 97
87 262
87 262
90 280
90 280
90 280
90 280
92 96
92 96
92 96
92 96
92 96
92 96
94 269
94 269
85 302
85 302
93 287
93 287
85 316
85 316
90 363
90 363
89 352
89 352
83 335
83 335
92 317
92 317
92 317
92 317
92 317
92 317
88 346
88 346
88 346
88 346
79 355
79 355
84 358
84 358
76 234
76 234
65 240
65 240
84 273
84 273
