227
-1
-1
192 356
192 356
192 356
192 356
192 356
192 356
192 356
192 356
198 281
198 281
101 227
186 656
109 443
109 443
99 344
99 344
89 376
89 376
86 393
86 393
86 393
86 393
156 182
156 182
156 182
156 182
156 182
152 196
152 196
127 770
160 185
120 511
120 511
96 465
96 465
126 477
126 477
205 332
175 386
175 386
175 386
175 386
175 386
175 386
175 386
175 386
78 155
207 620
93 717
135 302
135 302
135 302
135 302
135 302
135 302
114 251
114 251
114 251
198 402
118 424
118 424
118 559
118 559
96 392
108 429
108 429
133 526
133 526
133 526
133 526
133 526
133 526
196 258
196 258
197 442
197 442
197 442
197 442
94 318
94 318
165 598
165 598
165 598
139 611
139 611
139 611
139 611
147 341
147 341
147 341
147 341
147 341
147 341
123 401
123 401
117 503
117 503
115 431
115 431
98 430
98 430
108 308
108 308
200 413
107 482
107 482
107 482
107 482
107 482
107 482
115 482
115 482
115 482
115 482
115 482
115 482
107 496
107 496
132 189
132 189
113 193
196 368
196 368
196 368
196 368
196 368
196 368
147 254
147 254
266 442
266 442
246 289
246 289
198 295
198 295
239 506
239 506
239 506
239 506
187 478
187 478
187 478
187 478
187 478
187 478
187 478
187 478
162 352
225 350
225 350
225 350
225 350
225 350
170 243
170 243
143 373
143 373
143 373
143 373
233 605
233 605
213 592
213 592
183 333
183 333
189 392
214 476
229 276
134 385
134 385
276 338
378 395
385 499
174 288
174 288
214 367
167 603
167 603
87 386
397 612
309 779
155 182
155 182
155 182
155 182
155 182
155 182
198 307
151 310
151 310
110 491
226 416
226 416
126 525
126 525
126 525
305 722
401 501
214 491
196 376
166 186
212 348
147 270
147 270
148 523
189 369
503 657
253 684
271 340
167 337
315 636
181 355
181 355
181 355
181 355
181 355
181 355
181 355
181 355
142 623
241 352
217 456
153 438
128 279
128 279
248 682
273 322
