93
-1
-1
101 379
101 379
130 351
130 351
254 327
175 335
185 321
185 321
185 321
185 321
152 286
152 286
152 286
137 229
137 229
116 178
65 335
103 292
202 326
125 197
116 206
99 352
99 352
99 352
317 329
184 326
184 326
184 326
184 326
184 326
62 191
62 191
62 191
62 191
62 191
62 191
62 157
62 157
189 327
189 327
87 248
71 224
71 224
201 350
201 350
136 323
51 84
105 130
205 216
59 130
59 130
128 340
152 152
152 152
125 126
130 344
100 279
100 279
115 208
115 208
115 125
173 322
103 212
53 206
53 206
51 201
51 201
84 84
84 84
84 84
84 84
84 84
84 84
58 255
58 255
52 245
52 245
124 425
59 265
59 265
57 241
57 241
120 179
122 151
122 151
122 151
122 151
122 151
122 151
127 210
127 195
118 297
118 312
