131
-1
-1
106 357
106 357
143 309
143 309
91 323
91 317
194 326
187 326
187 326
129 162
129 162
129 162
132 355
132 355
132 355
101 115
101 115
143 342
143 342
143 342
143 342
143 342
143 342
141 304
141 304
175 342
175 342
175 342
175 342
164 332
164 332
173 339
173 339
88 309
88 309
151 358
160 304
129 338
129 338
136 332
136 332
143 339
143 339
143 339
143 339
191 224
191 224
120 294
120 294
163 348
163 348
163 348
103 186
103 186
158 183
158 183
132 398
115 166
115 166
115 166
115 166
115 166
115 166
123 210
123 210
123 210
123 210
132 165
132 165
132 165
132 165
132 165
132 165
193 194
193 194
73 135
73 135
73 135
73 135
73 135
73 135
73 135
73 135
73 135
73 135
73 135
73 135
73 135
73 135
73 135
73 135
201 352
201 352
100 141
100 141
76 294
76 294
240 245
240 245
211 215
211 215
124 202
124 202
168 344
168 344
148 334
148 334
148 334
86 92
86 92
153 322
153 322
125 335
125 335
132 303
132 303
164 331
164 331
158 393
158 393
158 393
158 393
90 138
90 138
120 322
120 322
178 309
178 309
147 177
147 177
165 310
