332
-1
-1
182 469
214 411
214 411
207 262
93 425
229 598
124 527
124 527
124 527
124 527
249 359
249 359
249 359
153 652
153 652
153 652
153 652
153 652
153 652
153 652
153 652
153 652
153 652
133 369
133 369
133 369
133 369
133 369
133 369
133 369
133 369
133 369
133 369
300 388
299 639
184 388
184 388
184 388
184 388
184 388
184 388
151 430
151 430
151 430
222 742
237 399
237 399
197 484
197 484
197 484
197 484
197 484
197 484
197 484
197 484
197 484
197 484
218 290
218 290
423 693
423 693
371 680
371 680
379 615
379 615
128 226
128 226
311 634
311 634
387 643
431 610
431 610
342 607
342 607
324 371
324 371
313 615
294 647
294 647
294 647
294 647
294 647
294 647
294 647
294 647
294 647
294 647
294 647
294 647
279 333
279 333
146 235
146 235
294 670
294 670
294 670
294 670
294 670
294 670
294 670
294 670
242 625
242 625
242 625
242 625
348 613
348 613
376 635
376 635
115 121
115 121
115 121
115 121
115 121
115 121
115 121
115 121
332 680
332 680
270 699
270 699
275 664
275 664
244 575
244 575
244 575
244 575
307 732
307 732
416 750
416 750
416 750
416 750
416 750
416 750
375 675
375 675
330 660
330 660
330 660
330 660
257 321
257 321
257 693
257 693
357 626
357 626
357 626
357 626
284 681
284 681
318 295
318 295
247 256
247 256
375 598
375 598
375 598
375 598
299 365
299 365
250 379
250 379
250 379
250 379
175 241
175 241
352 707
352 707
258 655
258 655
258 655
258 655
258 655
258 655
514 611
514 611
519 686
519 686
185 238
185 238
405 451
405 451
405 451
405 451
405 451
405 451
405 451
405 451
358 446
358 446
358 446
358 446
358 446
358 446
333 446
333 446
333 446
333 446
333 446
333 446
333 446
333 446
333 446
333 446
333 446
333 446
333 446
333 446
333 446
333 446
333 446
333 446
333 446
333 446
333 446
333 446
333 446
333 446
333 446
333 446
333 446
333 446
333 446
333 446
333 446
333 446
333 446
333 446
199 181
199 181
186 183
186 183
299 352
299 352
299 352
299 352
290 315
290 315
132 291
132 291
132 291
132 291
126 383
126 383
477 658
331 658
331 658
331 658
331 658
253 652
259 641
259 641
259 641
259 641
259 641
259 641
298 646
298 646
261 270
261 270
332 669
332 669
332 669
200 310
200 310
200 310
200 310
262 598
262 598
262 598
296 676
240 709
240 709
240 709
240 709
238 282
238 282
411 676
411 676
276 648
276 648
231 680
231 680
191 286
191 286
191 286
191 286
191 286
191 286
191 286
191 286
298 643
298 643
298 643
298 643
298 643
298 643
298 643
298 643
435 682
435 682
308 722
370 686
239 736
239 736
286 651
286 651
286 651
286 651
226 221
226 221
337 460
337 460
257 726
257 726
225 298
225 298
231 371
231 371
421 445
421 445
229 731
229 731
366 416
366 416
290 429
290 429
326 624
326 624
223 344
223 344
