392
-1
-1
164 307
164 307
212 330
212 330
102 129
102 129
140 297
140 297
140 297
140 297
184 343
184 343
184 343
184 343
125 308
125 308
125 308
125 308
125 308
125 308
139 141
139 141
154 321
154 321
154 321
154 321
154 321
154 321
129 207
129 207
123 146
123 146
123 146
123 146
123 146
123 146
123 146
123 146
152 343
152 343
90 352
90 352
128 323
128 323
216 327
216 327
146 322
146 322
139 338
139 338
142 199
142 199
164 342
164 342
157 153
157 153
116 162
116 162
86 143
86 143
97 175
97 175
111 144
111 144
197 323
197 323
239 379
239 379
220 351
220 351
253 365
253 365
219 311
219 311
211 296
211 296
136 342
136 342
177 304
177 304
136 329
136 329
136 329
136 329
104 134
104 134
130 311
130 311
130 311
130 311
130 126
130 126
130 126
130 126
130 126
130 126
169 301
169 301
164 359
164 359
157 300
157 300
174 184
174 184
156 209
156 209
126 233
126 233
80 145
80 145
182 270
182 270
184 355
184 355
184 355
184 355
184 355
184 355
184 355
184 355
100 344
100 344
52 112
61 196
61 196
61 196
78 90
68 92
41 62
78 195
78 195
98 350
43 374
43 374
104 360
78 227
78 227
78 227
78 227
78 227
78 227
78 227
78 227
72 287
72 287
107 296
96 191
96 191
88 158
88 158
159 200
159 200
73 163
73 163
73 163
73 163
73 163
73 163
72 177
72 177
72 177
72 177
87 238
87 238
76 284
76 284
76 284
75 276
75 276
80 264
80 264
84 143
84 143
84 143
84 143
84 143
84 143
67 222
67 222
64 219
64 219
63 189
63 189
60 189
60 189
101 236
101 236
101 216
101 216
101 216
101 216
90 317
83 178
83 178
86 165
86 165
78 296
78 296
78 296
78 296
78 296
78 296
96 142
96 142
104 179
104 179
104 179
104 179
104 179
104 179
87 206
87 206
87 206
87 206
102 211
102 211
102 211
102 211
77 209
77 209
74 273
74 273
125 243
111 167
111 167
96 142
96 142
96 142
96 142
96 142
96 142
89 298
89 298
89 280
89 280
89 280
89 280
65 91
65 91
65 91
102 263
44 257
104 325
104 325
104 325
104 325
104 325
104 325
105 148
105 148
105 148
105 148
41 104
93 180
93 180
104 129
104 129
97 142
97 142
74 233
74 233
74 233
79 152
79 152
79 152
79 152
79 152
79 152
96 122
96 122
96 122
64 232
64 232
61 240
61 240
83 277
83 277
83 277
83 277
83 277
83 277
83 277
83 277
92 285
92 285
114 359
91 217
91 217
114 167
121 152
121 152
121 152
121 152
104 128
132 215
61 143
61 143
61 143
61 143
64 178
64 178
64 178
64 178
64 208
64 208
64 193
64 193
63 217
63 217
161 225
161 225
161 225
161 225
64 163
64 163
97 154
97 154
72 148
72 148
86 270
86 270
111 242
111 242
58 135
58 135
58 135
58 135
58 135
58 135
55 215
55 215
83 227
83 227
52 220
52 220
48 194
48 194
103 206
103 206
103 206
74 132
74 132
105 152
105 152
63 134
63 134
60 263
60 263
53 264
53 264
45 91
99 100
60 244
60 244
74 229
74 229
74 229
74 229
64 213
64 213
49 254
49 254
68 159
87 281
44 96
79 177
79 177
79 177
79 177
79 177
79 177
75 79
75 79
62 192
62 192
113 142
60 250
60 250
68 221
68 221
70 295
70 295
70 295
70 295
70 295
70 295
83 311
83 311
87 292
87 292
87 292
87 292
