79
-1
-1
248 310
248 310
248 310
248 310
221 713
221 713
216 713
216 713
214 277
214 277
212 727
212 727
626 732
626 732
626 732
626 732
626 732
626 732
247 677
274 392
274 347
127 392
109 502
109 502
207 495
104 133
235 330
235 330
235 330
235 330
302 677
136 677
136 335
136 335
169 396
169 396
167 196
164 202
149 642
149 642
135 362
135 362
100 196
172 238
195 521
195 521
183 373
183 373
183 340
183 340
183 340
183 340
183 340
183 340
225 282
225 282
253 353
253 353
240 642
233 325
242 613
108 282
255 389
255 355
255 347
242 589
280 680
245 555
233 442
253 386
222 659
224 708
271 444
271 420
246 320
266 284
154 567
374 614
277 336
