203
-1
-1
172 332
172 332
172 332
172 332
89 143
89 143
112 252
112 252
112 252
112 252
112 252
112 252
112 252
112 252
186 313
186 313
164 326
164 326
139 182
139 182
139 327
139 327
140 253
125 356
125 356
124 155
124 155
124 155
124 155
110 356
110 356
108 356
108 356
107 138
107 138
106 363
106 363
313 366
313 366
313 366
313 366
313 366
313 366
123 338
137 196
137 173
63 196
54 251
54 251
103 247
52 66
117 165
117 165
117 165
117 165
151 338
68 338
68 167
68 167
84 198
84 198
83 98
82 101
74 321
74 321
67 181
67 181
50 98
86 119
97 260
97 260
91 186
91 186
91 186
91 170
91 170
91 170
91 170
91 170
91 170
112 141
112 141
126 176
126 176
120 321
116 162
121 306
54 141
127 194
127 177
127 173
121 294
140 340
122 277
116 221
126 193
111 329
112 354
135 222
135 210
123 160
133 142
77 283
187 307
138 168
120 332
117 316
109 313
99 177
151 324
80 334
97 176
97 176
97 176
97 176
81 159
81 159
60 164
114 293
114 293
48 293
48 293
67 118
92 293
116 226
74 169
74 169
74 169
74 169
77 156
77 156
77 156
77 156
72 289
72 289
72 184
72 184
83 204
83 204
83 204
83 204
83 204
83 204
83 204
83 204
83 204
81 332
81 332
99 183
99 183
99 183
99 183
99 183
99 183
99 183
99 183
100 151
100 151
50 114
102 315
51 226
51 226
49 181
49 181
44 184
44 184
42 185
42 185
42 185
42 185
76 93
76 93
76 93
76 93
76 93
76 92
76 92
68 405
85 85
55 237
55 237
47 237
47 237
59 262
59 262
104 158
90 212
90 212
90 212
90 212
90 212
90 212
90 212
90 212
40 72
106 326
43 326
74 167
74 167
74 167
74 167
74 167
74 167
