264
-1
-1
89 155
89 155
84 162
84 162
84 162
80 131
80 131
67 303
67 303
59 227
59 227
103 223
103 223
42 213
42 213
71 187
71 187
62 188
62 188
62 188
62 188
68 207
68 207
68 207
68 207
87 162
87 162
87 162
86 130
86 130
86 130
87 293
87 293
71 285
71 285
71 285
71 285
70 248
70 248
77 276
77 276
115 231
115 231
69 228
69 228
81 140
81 140
70 126
70 126
70 126
70 126
70 126
70 126
77 282
77 282
77 282
77 282
107 257
51 144
51 144
145 272
145 272
124 328
76 152
66 211
66 211
66 211
66 211
66 211
66 211
124 182
124 182
124 182
124 182
73 202
73 202
73 202
73 202
73 202
73 202
73 202
73 202
78 206
78 206
78 206
78 206
78 206
78 206
106 183
96 123
82 123
82 123
85 97
85 97
65 74
65 74
81 171
81 171
156 302
156 302
98 158
98 158
207 318
207 318
110 288
110 288
67 309
67 309
58 272
58 272
65 296
65 296
64 311
64 311
124 224
55 222
55 222
55 222
55 222
55 222
55 222
55 222
55 222
55 222
55 222
114 136
147 275
122 278
132 266
135 244
154 260
110 153
102 140
105 122
173 310
101 335
101 335
160 359
160 359
160 359
160 359
183 324
183 324
183 324
183 324
124 327
124 327
103 346
103 346
122 324
122 324
208 296
208 296
173 332
173 332
156 284
156 284
163 272
163 272
130 287
130 287
115 213
115 213
183 194
183 194
115 154
115 154
110 133
110 133
125 113
125 113
125 113
125 113
125 113
125 113
125 113
125 113
108 318
88 154
88 154
77 154
77 154
77 154
77 154
78 216
78 216
69 327
69 327
69 327
69 327
69 327
69 327
69 327
69 327
69 327
69 327
69 327
69 327
69 327
69 327
69 327
69 327
66 156
93 189
93 189
93 189
93 189
93 189
93 189
85 183
85 183
82 132
82 132
82 132
74 131
74 131
74 131
74 99
57 174
57 174
71 312
71 312
71 312
142 148
156 173
156 173
156 173
75 314
75 314
75 314
75 314
75 275
75 275
75 275
75 275
75 275
75 275
81 171
81 171
82 189
82 189
82 189
82 189
70 304
70 304
69 315
69 315
69 315
69 315
79 101
79 101
79 101
67 206
67 206
64 162
64 162
64 184
64 184
55 174
55 174
96 208
96 208
81 315
81 315
