101
-1
-1
171 421
171 421
171 421
171 421
171 421
171 421
183 392
183 392
183 392
183 392
183 392
183 392
178 320
178 320
141 615
141 615
189 354
189 354
189 354
189 354
189 354
189 354
170 358
170 358
170 358
188 326
210 623
85 565
117 553
117 553
117 553
117 553
117 553
117 553
84 356
175 252
112 243
112 243
201 513
201 513
133 524
133 524
188 574
188 574
211 454
358 676
218 586
196 229
196 229
351 478
179 454
252 568
242 475
242 475
224 470
224 470
218 464
218 464
158 287
100 147
192 479
192 479
192 479
192 479
248 531
289 552
292 373
207 510
207 510
161 828
161 828
223 367
223 367
223 367
300 712
248 555
212 721
212 721
284 602
284 602
201 664
180 628
367 631
376 717
376 717
255 343
255 343
272 651
272 651
276 383
256 645
219 227
219 227
272 704
272 704
272 704
272 704
272 704
272 704
301 595
301 595
