366
-1
-1
162 304
162 304
148 355
148 355
135 325
135 325
105 343
105 343
100 132
100 132
123 146
123 146
196 208
196 208
162 209
162 209
119 349
119 349
124 354
124 354
124 354
124 354
124 354
124 354
124 354
124 354
98 325
98 325
98 325
98 325
98 325
98 325
98 325
98 325
98 325
98 325
98 325
98 325
98 325
98 325
98 325
98 325
135 198
127 347
125 157
125 157
125 157
135 359
102 330
102 330
102 330
102 330
118 178
118 178
108 181
140 189
126 262
90 122
90 122
89 173
89 173
79 178
79 178
64 198
64 198
162 204
162 204
121 302
117 327
105 164
105 164
113 161
136 191
136 191
134 145
134 145
134 145
134 145
153 288
153 288
102 356
102 356
164 336
164 336
164 336
164 336
164 336
164 336
164 336
164 336
164 336
164 336
164 336
164 336
116 145
116 145
116 145
116 145
116 145
116 145
104 135
104 135
104 135
104 135
141 347
141 347
148 294
148 294
148 294
148 294
148 294
148 294
148 294
148 294
119 131
119 131
126 291
126 291
83 156
83 156
83 156
83 156
79 236
79 236
189 338
189 338
181 348
181 348
181 348
181 348
181 348
181 348
176 300
176 300
176 300
176 300
176 300
176 300
176 300
176 300
176 300
176 300
146 341
146 341
146 341
146 341
145 347
145 347
103 167
103 167
159 303
159 303
157 309
158 327
158 327
147 297
168 341
168 341
168 341
172 170
172 170
172 170
154 361
154 361
154 361
154 361
154 361
154 361
154 361
154 361
154 361
172 301
126 295
156 303
160 306
127 316
87 131
87 131
87 131
87 131
164 198
164 198
76 130
76 130
200 216
200 216
107 175
107 175
139 289
139 289
128 138
128 138
116 264
116 264
121 368
121 368
121 368
121 368
85 321
85 321
98 155
98 155
98 155
98 155
106 125
106 125
204 325
95 361
95 361
181 354
181 354
181 354
181 354
159 301
159 301
159 301
159 301
159 301
159 301
159 301
159 301
159 301
159 301
188 348
188 348
132 319
132 319
130 134
130 134
138 151
138 151
168 326
168 326
149 224
149 224
149 224
149 224
113 287
116 270
121 248
132 256
117 259
93 345
93 345
93 345
93 345
93 345
93 345
93 345
93 345
67 235
67 235
67 252
67 252
62 202
62 202
50 214
50 214
93 385
93 385
84 369
84 369
117 283
129 260
147 258
147 258
147 258
147 258
147 258
119 159
79 130
79 130
79 130
79 130
119 321
147 407
191 190
124 190
75 144
145 363
145 363
217 335
217 335
164 311
164 311
186 284
186 284
161 238
161 238
103 191
103 191
99 357
99 357
127 358
127 358
264 295
183 305
178 309
178 309
178 309
178 309
156 275
156 275
156 275
132 220
132 220
113 166
65 355
106 287
200 307
135 184
111 186
92 383
92 383
92 383
289 345
175 358
175 358
175 358
175 358
175 358
63 180
63 180
63 180
63 180
63 180
63 180
68 163
68 163
171 301
171 301
86 252
71 241
71 241
187 353
187 353
138 320
54 85
104 125
213 233
55 141
55 141
139 334
137 142
137 142
135 136
137 347
95 260
95 260
107 218
107 218
118 131
168 310
108 220
55 216
55 216
55 191
55 191
77 92
77 92
77 92
77 92
77 92
77 92
56 267
56 267
