264
-1
-1
202 730
202 730
202 730
202 730
284 589
284 589
190 351
190 351
307 708
307 708
199 289
199 289
311 710
311 710
291 346
291 346
277 322
277 322
247 277
247 277
320 645
320 645
326 683
326 683
266 587
266 587
233 607
233 607
191 661
191 661
188 275
188 275
232 301
232 301
405 412
405 412
325 435
325 435
248 623
248 623
229 669
229 669
229 669
229 669
229 669
229 669
229 669
229 669
218 624
218 624
218 624
218 624
218 624
218 624
218 624
218 624
218 624
218 624
218 624
218 624
218 624
218 624
218 624
218 624
247 448
243 613
284 345
284 345
284 345
244 672
213 621
213 621
213 621
213 621
223 384
223 384
225 370
276 357
220 571
156 235
156 235
188 334
188 334
158 376
158 376
138 426
138 426
309 395
309 395
258 641
255 595
219 320
219 320
232 343
267 346
267 346
232 300
232 300
335 614
335 614
228 618
228 618
311 672
311 672
311 672
311 672
311 672
311 672
311 672
311 672
311 672
311 672
311 672
311 672
257 261
257 261
257 261
257 261
257 261
257 261
200 284
200 284
200 284
200 284
265 688
265 688
283 671
283 671
283 671
283 671
283 671
283 671
283 671
283 671
234 239
234 239
252 625
252 625
139 286
139 286
139 286
139 286
143 485
143 485
419 704
419 704
388 626
388 626
388 626
388 626
388 626
388 626
388 679
388 679
388 679
388 679
388 679
388 679
388 679
388 679
388 679
388 679
299 592
299 592
299 592
299 592
281 605
281 605
196 293
196 293
314 681
314 681
306 694
283 581
283 581
294 636
312 632
312 632
361 765
296 329
296 329
352 364
339 697
339 697
339 697
339 697
339 697
339 697
339 697
339 697
339 697
347 689
233 657
280 626
296 724
264 288
264 288
244 579
174 291
174 291
174 291
174 291
308 416
308 416
164 287
164 287
473 479
473 479
224 334
224 334
282 640
282 640
220 264
220 264
232 580
232 580
236 723
236 723
236 723
236 723
191 606
191 606
197 308
197 308
197 308
197 308
227 287
227 287
370 716
201 758
201 758
346 703
346 703
346 703
346 703
328 697
328 697
328 697
328 697
328 697
328 697
328 697
328 697
328 697
328 697
408 651
408 651
268 645
268 645
258 304
258 304
267 272
267 272
362 614
362 614
250 399
250 399
250 399
250 399
230 555
215 531
237 479
278 567
281 484
