126
-1
-1
111 300
81 232
123 282
119 178
136 177
136 177
52 188
52 188
85 109
85 109
67 140
98 174
98 174
130 263
130 263
130 263
130 263
130 263
130 263
130 263
130 263
130 263
130 263
140 148
285 356
285 356
285 356
285 356
285 352
285 352
285 352
285 352
292 352
292 336
292 336
292 336
142 352
142 352
139 335
139 335
94 326
94 326
94 326
94 326
94 326
116 267
116 267
116 267
116 267
82 180
82 180
193 327
193 327
150 247
150 247
113 150
113 150
114 340
114 340
242 342
242 342
242 342
172 308
172 308
156 170
156 170
182 327
182 327
150 177
150 177
192 313
93 332
93 332
139 140
139 140
139 332
139 332
139 332
139 332
89 128
89 128
89 128
89 128
156 337
156 337
156 337
156 337
139 337
139 337
172 215
172 215
148 325
148 325
131 172
131 172
98 325
98 325
172 332
172 332
172 332
172 332
89 143
89 143
112 252
112 252
112 252
112 252
112 252
112 252
112 252
112 252
186 313
186 313
164 326
164 326
139 182
139 182
139 327
139 327
140 253
125 356
125 356
124 155
124 155
124 155
124 155
