229
-1
-1
100 291
100 291
100 291
100 291
54 273
54 273
54 273
54 273
54 273
54 273
54 273
54 273
54 273
54 273
89 222
89 222
106 115
84 272
64 133
76 165
95 244
86 282
86 282
86 282
84 302
84 302
69 281
69 281
55 172
55 172
55 172
56 233
56 233
59 238
59 238
61 229
61 229
147 206
95 161
79 159
79 159
79 159
79 159
79 159
79 159
79 159
79 159
70 68
70 68
55 73
67 179
67 179
67 179
67 179
91 193
91 193
54 93
82 228
82 228
96 207
96 207
96 207
96 207
90 152
90 152
90 152
90 152
79 328
79 328
48 191
48 191
74 189
74 189
74 189
74 189
74 189
74 189
74 189
74 189
75 159
75 159
123 182
123 182
123 182
123 182
123 182
87 108
107 212
99 193
99 193
95 114
95 114
95 114
95 114
95 114
95 114
70 126
70 126
70 126
70 126
68 122
166 262
183 245
127 148
127 148
127 148
127 148
127 148
70 216
70 216
93 303
93 303
93 303
93 303
93 303
93 303
72 301
72 301
72 301
72 301
81 280
81 280
81 280
81 280
81 280
81 280
73 268
73 268
85 201
85 201
81 160
81 160
94 347
94 347
108 149
98 166
105 161
105 161
122 142
155 158
102 167
102 167
102 167
102 167
102 167
102 167
142 133
142 133
77 295
77 295
77 295
77 295
77 295
77 295
77 295
77 295
145 174
147 347
147 347
166 324
166 324
93 268
93 268
154 199
154 199
154 199
154 199
79 164
79 164
79 164
79 164
130 360
130 360
105 330
105 330
81 145
81 145
128 318
128 318
128 318
128 318
56 355
32 345
72 162
108 115
39 150
252 361
104 175
49 154
86 143
64 113
78 113
63 103
113 206
82 143
72 289
72 289
57 120
57 120
82 103
122 231
122 231
72 186
72 186
41 115
64 304
64 304
73 184
64 102
64 102
63 320
63 320
63 320
63 320
63 320
63 320
70 256
70 256
70 156
70 156
70 156
62 366
102 331
161 237
140 325
69 244
73 369
63 88
108 200
