108
-1
-1
261 404
261 404
261 404
261 404
261 404
188 212
212 412
184 369
184 369
188 247
188 247
188 247
188 247
188 247
188 247
155 236
155 236
155 236
155 236
139 223
364 500
364 533
282 292
282 292
282 292
282 292
282 292
133 464
133 464
183 572
183 572
183 572
183 572
155 555
155 555
168 545
168 545
168 545
168 545
136 522
136 522
170 447
170 447
180 329
180 329
185 645
185 645
226 330
210 324
200 317
200 317
226 311
286 309
194 309
194 309
194 309
194 309
194 309
194 309
272 286
272 286
148 641
148 641
148 641
148 641
148 641
148 641
148 641
148 641
271 324
316 657
316 657
321 642
321 642
190 541
190 541
316 366
316 366
316 366
316 366
166 316
166 316
166 316
166 316
288 656
288 656
216 648
216 648
166 310
166 310
241 625
241 625
241 625
241 625
120 705
64 678
157 312
210 255
85 276
468 709
193 335
97 335
165 284
134 217
147 232
140 216
210 432
153 269
