242
-1
-1
126 179
104 209
78 209
64 128
64 128
127 325
126 146
73 217
73 217
73 217
73 217
73 217
73 217
73 217
73 217
73 217
140 217
171 185
109 158
79 209
79 209
79 209
89 151
131 160
48 196
122 325
107 178
107 178
121 336
121 336
160 335
160 335
76 127
66 195
80 131
70 291
70 291
96 143
96 143
96 143
105 152
64 207
64 207
64 198
64 198
64 198
64 198
64 181
64 181
64 181
64 181
64 181
64 181
64 181
64 181
64 148
64 148
50 257
50 257
50 257
50 257
50 257
50 257
68 221
68 221
68 221
68 221
68 221
68 221
68 221
68 221
80 190
80 190
80 190
79 165
79 165
79 165
79 165
101 162
101 162
75 161
75 161
75 161
90 156
90 156
91 156
91 156
91 156
81 129
81 129
74 295
74 295
59 221
59 221
101 219
101 219
46 207
46 207
65 205
65 205
68 204
68 204
68 204
68 204
65 203
65 203
65 203
65 203
80 165
80 165
80 165
80 135
80 135
80 135
80 272
80 272
72 272
72 272
72 272
72 272
72 258
72 258
70 258
70 258
111 233
111 233
63 230
63 230
80 138
80 138
67 133
67 133
67 133
67 133
67 133
67 133
79 284
79 284
79 284
79 284
100 250
50 148
50 148
157 292
157 292
134 322
74 147
66 217
66 217
66 217
66 217
66 217
66 217
126 199
126 199
126 199
126 199
80 197
80 197
80 197
80 197
80 197
80 197
80 197
80 197
85 193
85 193
85 193
85 193
85 193
85 193
112 184
93 132
81 132
81 132
80 97
80 97
67 70
67 70
81 157
81 157
144 291
144 291
98 154
98 154
222 312
222 312
105 312
105 312
63 287
63 287
63 286
63 286
62 285
62 285
63 283
63 283
125 248
50 228
50 228
50 228
50 228
50 228
50 228
50 228
50 228
50 228
50 228
117 133
142 298
133 286
123 286
133 268
151 255
116 148
111 148
106 117
178 329
110 372
110 372
154 327
154 327
154 327
154 327
188 327
188 327
188 327
188 327
137 315
137 315
104 315
104 315
117 312
117 312
204 302
204 302
188 302
188 302
171 302
171 302
154 302
154 302
