143
-1
-1
88 174
73 167
73 167
73 167
73 167
73 167
73 167
73 167
73 167
65 74
65 74
61 74
66 165
66 165
66 165
66 165
93 194
93 194
52 95
76 218
76 218
88 189
88 189
88 189
88 189
90 167
90 167
90 167
90 167
77 322
77 322
51 186
51 186
77 180
77 180
77 180
77 180
77 180
77 180
77 180
77 180
77 146
77 146
130 202
130 202
130 202
130 202
130 202
94 106
106 206
92 184
92 184
94 123
94 123
94 123
94 123
94 123
94 123
77 118
77 118
77 118
77 118
69 111
182 250
182 266
141 146
141 146
141 146
141 146
141 146
66 232
66 232
91 286
91 286
91 286
91 286
91 286
91 286
77 277
77 277
77 277
77 277
84 272
84 272
84 272
84 272
84 272
84 272
68 261
68 261
85 223
85 223
90 164
90 164
92 322
92 322
113 165
105 162
100 158
100 158
113 155
143 154
97 154
97 154
97 154
97 154
97 154
97 154
136 143
136 143
74 320
74 320
74 320
74 320
74 320
74 320
74 320
74 320
135 162
158 328
158 328
160 321
160 321
95 270
95 270
158 183
158 183
158 183
158 183
83 158
83 158
83 158
83 158
144 328
144 328
108 324
108 324
83 155
83 155
120 312
120 312
120 312
120 312
