113
-1
-1
386 654
386 654
300 495
300 495
227 300
227 300
228 681
228 681
484 684
484 684
484 684
345 617
345 617
312 340
312 340
364 654
364 654
300 354
300 354
385 627
186 664
186 664
278 280
278 280
278 664
278 664
278 664
278 664
179 257
179 257
179 257
179 257
312 674
312 674
312 674
312 674
278 674
278 674
345 430
345 430
296 651
296 651
263 345
263 345
196 651
196 651
345 664
345 664
345 664
345 664
179 287
179 287
225 505
225 505
225 505
225 505
225 505
225 505
225 505
225 505
372 627
372 627
369 652
369 652
369 652
369 652
328 652
328 652
278 364
278 364
278 654
278 654
281 507
250 713
250 713
248 310
248 310
248 310
248 310
221 713
221 713
216 713
216 713
214 277
214 277
212 727
212 727
626 732
626 732
626 732
626 732
626 732
626 732
247 677
274 392
274 347
127 392
109 502
109 502
207 495
104 133
235 330
235 330
235 330
235 330
302 677
136 677
136 335
136 335
169 396
169 396
167 196
164 202
