316
-1
-1
101 337
101 337
92 209
88 199
88 199
91 193
48 60
100 211
135 174
135 174
127 166
127 166
127 166
127 166
75 173
75 173
93 180
79 180
79 180
86 319
86 319
76 187
76 187
76 187
76 187
79 130
79 130
79 130
79 130
88 197
88 197
89 189
89 189
105 280
90 146
90 146
104 138
104 138
104 138
65 352
65 352
65 352
65 352
71 176
71 176
88 184
88 184
63 215
63 215
63 215
63 215
110 170
91 156
91 156
72 240
72 240
72 240
72 240
62 163
62 163
62 163
62 163
58 158
58 158
58 158
58 158
36 91
36 91
47 170
79 291
79 291
120 315
73 226
125 284
130 161
128 192
128 192
53 193
53 193
84 113
84 113
62 132
95 159
95 159
137 256
137 256
137 256
137 256
137 256
137 256
137 256
137 256
137 256
137 256
152 153
266 324
266 324
266 324
266 324
283 380
283 380
283 380
283 380
266 331
297 320
297 320
297 320
138 376
138 376
147 345
147 345
97 320
97 320
97 320
97 320
97 320
118 262
118 262
118 262
118 262
79 173
79 173
182 321
182 321
159 249
159 249
111 138
111 138
120 357
120 357
251 315
251 315
251 315
175 335
175 335
162 169
162 169
172 336
172 336
151 189
151 189
173 328
89 309
89 309
144 154
144 154
140 309
140 309
140 309
140 309
89 121
89 121
89 121
89 121
149 343
149 343
149 343
149 343
140 343
140 343
178 200
178 200
150 319
150 319
120 171
120 171
94 293
94 293
184 358
184 358
184 358
184 358
95 135
95 135
117 267
117 267
117 267
117 267
117 267
117 267
117 267
117 267
183 334
183 334
177 342
177 342
143 198
143 198
126 336
126 336
142 241
137 321
137 321
136 161
136 161
136 161
136 161
104 373
104 373
103 380
103 380
117 132
117 132
99 334
99 334
298 369
298 369
298 369
298 369
298 369
298 369
120 308
124 211
132 188
58 209
50 273
50 273
100 223
52 69
110 176
110 176
110 176
110 176
144 371
74 311
62 156
62 156
82 199
82 199
85 104
77 94
75 337
75 337
65 167
65 167
45 95
80 128
92 270
92 270
93 177
93 177
93 177
96 165
96 165
96 165
96 165
96 165
96 165
102 136
102 136
133 161
133 161
113 346
114 165
123 315
51 129
119 207
132 184
130 179
127 286
133 370
131 255
127 215
124 188
103 335
116 351
143 216
137 194
115 156
128 149
78 275
184 292
130 152
130 338
114 328
117 316
96 180
155 318
83 354
99 186
99 186
99 186
99 186
87 174
87 174
56 148
108 304
108 304
47 313
47 313
73 114
88 282
110 208
68 174
68 174
68 174
68 174
79 168
79 168
79 168
79 168
69 312
69 312
71 173
71 173
89 188
89 188
89 188
89 188
89 188
89 188
89 188
89 188
89 188
75 326
75 326
