137
-1
-1
175 181
117 441
117 441
90 437
90 437
129 519
129 519
205 332
168 391
168 391
168 391
168 391
168 391
168 391
168 391
168 391
75 133
227 704
86 665
147 358
147 358
147 358
147 358
147 358
147 358
121 255
121 255
121 255
200 378
112 397
112 397
125 581
125 581
86 414
124 373
124 373
133 592
133 592
133 592
133 592
133 592
133 592
221 225
221 225
173 421
173 421
173 421
173 421
99 333
99 333
162 673
162 673
162 673
161 567
161 567
161 567
161 567
163 398
163 398
163 398
163 398
163 398
163 398
105 422
105 422
114 458
114 458
110 402
110 402
96 376
96 376
105 344
105 344
202 421
103 469
103 469
103 469
103 469
103 469
103 469
98 478
98 478
98 478
98 478
98 478
98 478
103 469
103 469
132 197
132 197
118 191
170 360
170 360
170 360
170 360
170 360
170 360
159 246
159 246
276 474
276 474
212 276
212 276
172 250
172 250
212 480
212 480
212 480
212 480
217 494
217 494
217 494
217 494
217 494
217 494
217 494
217 494
149 424
240 331
240 331
240 331
240 331
240 331
164 231
164 231
168 370
168 370
168 370
168 370
238 599
238 599
211 665
211 665
159 318
159 318
187 414
210 441
