257
-1
-1
89 206
89 206
89 206
89 206
99 284
83 163
83 163
85 160
85 160
78 269
78 269
78 269
78 269
78 269
78 269
100 143
100 143
87 205
87 205
87 205
87 205
87 205
87 205
104 198
104 198
104 198
104 198
94 196
94 196
94 196
94 196
85 207
85 207
86 251
86 251
117 275
97 163
97 163
98 166
98 166
98 166
98 166
98 166
98 166
87 289
87 289
80 316
80 316
80 316
80 316
68 101
68 101
68 101
110 274
39 293
92 381
92 381
92 381
92 381
92 381
92 381
101 155
101 155
101 155
101 155
41 89
105 200
105 200
103 129
103 129
105 153
105 153
80 207
80 207
80 207
71 171
71 171
71 171
71 171
71 171
71 171
108 113
108 113
108 113
73 205
73 205
65 206
65 206
84 293
84 293
84 293
84 293
84 293
84 293
84 293
84 293
78 288
78 288
109 339
107 240
107 240
108 162
107 151
107 151
107 151
107 151
124 149
133 195
65 133
65 133
65 133
65 133
66 188
66 188
66 188
66 188
67 204
67 204
71 181
71 181
61 262
61 262
143 215
143 215
143 215
143 215
57 163
57 163
92 159
92 159
87 157
87 157
91 304
91 304
111 221
111 221
63 134
63 134
63 134
63 134
63 134
63 134
48 189
48 189
88 225
88 225
50 222
50 222
48 200
48 200
94 177
94 177
94 177
73 140
73 140
92 157
92 157
71 137
71 137
50 265
50 265
51 274
51 274
41 95
91 87
61 227
61 227
85 222
85 222
85 222
85 222
57 254
57 254
45 242
45 242
74 153
76 269
44 98
78 183
78 183
78 183
78 183
78 183
78 183
69 88
69 88
70 170
70 170
122 139
64 243
64 243
66 245
66 245
68 283
68 283
68 283
68 283
68 283
68 283
77 329
77 329
86 316
86 316
86 316
86 316
105 101
105 101
50 142
50 142
72 133
72 133
72 133
47 186
47 186
47 186
47 186
54 192
54 192
64 264
64 264
64 264
64 264
70 160
70 160
70 160
70 160
70 160
70 160
60 108
191 285
80 182
80 182
80 182
80 182
114 128
43 122
118 245
39 281
99 344
99 344
99 344
99 344
91 299
91 299
91 299
105 231
105 231
105 231
76 128
76 128
51 101
36 186
36 186
89 202
89 202
56 255
56 255
