102
-1
-1
174 496
142 448
142 448
402 700
402 700
273 646
102 169
211 261
411 432
119 260
119 260
256 680
304 304
304 304
250 252
260 688
200 558
200 558
230 416
230 416
230 250
347 644
206 424
107 413
107 413
102 403
102 403
169 169
169 169
169 169
169 169
169 169
169 169
116 511
116 511
104 490
104 490
248 850
119 530
119 530
114 483
114 483
240 358
245 303
245 303
245 303
245 303
245 303
245 303
255 421
255 391
237 595
237 625
380 624
380 624
155 679
155 679
187 679
187 679
164 376
164 376
164 376
164 376
164 376
164 376
164 310
164 310
164 310
164 310
175 720
87 720
194 578
194 578
194 578
194 578
112 527
112 527
112 527
112 527
112 527
112 527
112 527
112 527
112 527
112 527
172 440
172 440
230 249
186 505
123 242
154 305
174 470
185 574
185 574
185 574
187 566
187 566
131 553
131 553
101 364
101 364
101 364
