380
-1
-1
164 295
164 295
164 295
164 295
164 295
164 295
164 295
164 295
301 649
301 649
301 649
301 649
301 649
301 649
301 649
301 649
492 689
492 689
308 629
366 641
254 642
254 642
295 696
295 696
295 696
295 696
235 261
235 261
357 487
357 487
247 654
247 654
231 311
231 311
212 346
212 346
401 390
401 390
219 738
219 738
386 433
386 433
284 450
284 450
308 630
308 630
225 378
225 378
199 340
199 340
198 683
198 683
198 683
198 683
346 672
346 672
196 321
196 321
350 632
350 632
205 298
205 298
260 752
260 752
293 346
293 346
262 331
262 331
264 259
264 259
339 598
339 598
311 690
311 690
274 657
274 657
263 650
263 650
195 661
195 661
188 260
188 260
241 264
241 264
412 403
412 403
392 456
392 456
243 648
243 648
215 657
215 657
215 657
215 657
215 657
215 657
215 657
215 657
210 729
210 729
210 729
210 729
210 729
210 729
210 729
210 729
210 729
210 729
210 729
210 729
210 729
210 729
210 729
210 729
298 432
240 613
287 295
287 295
287 295
237 761
213 673
213 673
213 673
213 673
232 348
232 348
230 377
319 382
253 490
155 230
155 230
193 400
193 400
155 410
155 410
141 434
141 434
279 407
279 407
281 610
244 583
232 357
232 357
230 359
247 400
247 400
245 262
245 262
332 607
332 607
212 673
212 673
329 647
329 647
329 647
329 647
329 647
329 647
329 647
329 647
329 647
329 647
329 647
329 647
241 284
241 284
241 284
241 284
241 284
241 284
195 297
195 297
195 297
195 297
253 623
253 623
276 633
276 633
276 633
276 633
276 633
276 633
276 633
276 633
229 234
229 234
226 656
226 656
167 345
167 345
167 345
167 345
142 524
142 524
411 626
411 626
362 600
362 600
362 600
362 600
362 600
362 600
341 672
341 672
341 672
341 672
341 672
341 672
341 672
341 672
341 672
341 672
293 631
293 631
293 631
293 631
284 696
284 696
184 306
184 306
320 568
320 568
290 625
299 581
299 581
294 557
302 751
302 751
300 667
302 364
302 364
352 360
345 697
345 697
345 697
345 697
345 697
345 697
345 697
345 697
345 697
395 735
261 675
310 698
278 632
267 269
267 269
231 585
186 266
186 266
186 266
186 266
308 424
308 424
146 290
146 290
464 404
464 404
228 350
228 350
282 578
282 578
213 274
213 274
225 586
225 586
264 624
264 624
264 624
264 624
189 667
189 667
231 283
231 283
231 283
231 283
208 267
208 267
366 650
189 667
189 667
356 625
356 625
356 625
356 625
319 697
319 697
319 697
319 697
319 697
319 697
319 697
319 697
319 697
319 697
352 703
352 703
225 611
225 611
242 260
242 260
253 312
253 312
351 678
351 678
295 436
295 436
295 436
295 436
242 482
218 484
231 516
236 521
233 479
184 651
184 651
184 651
184 651
184 651
184 651
132 471
132 471
138 445
138 445
130 380
130 380
98 384
98 384
190 645
190 645
180 711
180 711
206 470
258 468
300 541
300 541
300 541
300 541
300 541
210 313
164 290
164 290
164 290
164 290
219 550
264 288
264 288
264 288
264 288
314 785
376 375
224 375
152 323
274 619
274 619
402 595
402 595
360 658
360 658
396 586
396 586
284 455
284 455
208 400
208 400
207 766
207 766
251 759
251 759
533 667
316 645
346 624
346 624
346 624
346 624
292 562
292 562
292 562
270 436
270 436
