253
-1
-1
118 300
106 170
106 170
106 174
126 182
126 182
126 140
126 140
126 140
126 140
157 316
157 316
107 343
107 343
157 333
157 333
157 333
157 333
157 333
157 333
157 333
157 333
157 333
157 333
157 333
157 333
124 143
124 143
124 143
124 143
124 143
124 143
107 143
107 143
107 143
107 143
140 331
140 331
140 326
140 326
140 326
140 326
140 326
140 326
140 326
140 326
109 124
109 124
124 309
124 309
76 157
76 157
76 157
76 157
76 240
76 240
192 332
192 332
190 326
190 326
190 326
190 326
190 326
190 326
187 326
187 326
187 326
187 326
187 326
187 326
187 326
187 326
187 326
187 326
145 328
145 328
145 328
145 328
146 328
146 328
101 157
101 157
145 315
145 315
146 315
145 309
145 309
146 309
164 351
164 351
164 351
164 178
164 178
164 178
157 332
157 332
157 332
157 332
157 332
157 332
157 332
157 332
157 332
186 334
120 310
153 332
154 332
120 307
90 143
90 143
90 143
90 143
155 206
155 206
80 139
80 139
215 224
215 224
115 164
115 164
129 314
129 314
117 136
117 136
117 274
117 274
120 335
120 335
120 335
120 335
87 312
87 312
107 145
107 145
107 145
107 145
115 134
115 134
186 335
103 351
103 351
165 325
165 325
165 325
165 325
153 323
153 323
153 323
153 323
153 323
153 323
153 323
153 323
153 323
153 323
189 332
189 332
122 332
122 332
122 142
122 142
139 147
139 147
186 323
186 323
137 214
137 214
137 214
137 214
124 264
118 263
116 263
126 258
128 254
88 339
88 339
88 339
88 339
88 339
88 339
88 339
88 339
68 250
68 250
66 234
66 234
59 204
59 204
53 204
53 204
98 354
98 354
91 359
91 359
108 258
141 246
139 246
139 246
139 246
139 246
139 246
109 170
76 142
76 142
76 142
76 142
115 298
158 377
179 206
114 197
72 158
136 340
136 340
205 323
205 323
167 323
167 323
185 298
185 298
147 217
147 217
97 196
97 196
101 379
101 379
130 351
130 351
254 327
175 335
185 321
185 321
185 321
185 321
152 286
152 286
152 286
137 229
137 229
116 178
65 335
103 292
202 326
125 197
116 206
99 352
99 352
99 352
317 329
184 326
184 326
184 326
184 326
184 326
