354
-1
-1
168 545
168 545
168 545
168 545
136 522
136 522
170 447
170 447
180 329
180 329
185 645
185 645
226 330
210 324
200 317
200 317
226 311
286 309
194 309
194 309
194 309
194 309
194 309
194 309
272 286
272 286
148 641
148 641
148 641
148 641
148 641
148 641
148 641
148 641
271 324
316 657
316 657
321 642
321 642
190 541
190 541
316 366
316 366
316 366
316 366
166 316
166 316
166 316
166 316
288 656
288 656
216 648
216 648
166 310
166 310
241 625
241 625
241 625
241 625
120 705
64 678
157 312
210 255
85 276
468 709
193 335
97 335
165 284
134 217
147 232
140 216
210 432
153 269
146 537
146 537
108 249
108 249
165 212
267 459
267 459
142 400
142 400
79 243
135 558
135 558
134 348
129 190
129 190
117 589
117 589
117 589
117 589
117 589
117 589
145 527
145 527
132 298
132 298
132 298
136 672
193 669
335 440
268 715
139 536
160 673
138 178
201 372
375 672
304 658
304 658
304 658
304 658
304 658
304 658
305 337
305 337
272 337
272 337
272 337
272 337
339 655
339 655
339 655
339 655
339 655
339 655
272 310
272 310
272 310
272 310
305 667
305 667
240 657
240 657
240 657
429 647
429 647
429 647
337 374
337 374
374 669
374 669
374 669
374 669
374 669
374 669
374 669
374 669
240 669
240 669
207 291
207 291
207 291
207 291
207 291
207 291
274 669
274 669
274 669
274 669
316 666
316 666
316 671
316 671
280 614
237 329
140 237
140 237
380 647
417 671
383 659
383 659
374 659
374 659
440 659
440 659
292 659
292 659
292 659
316 636
316 636
307 624
307 624
302 602
302 602
440 624
440 624
224 240
224 240
271 658
271 658
271 658
271 658
371 648
371 648
371 648
371 648
271 648
271 648
271 648
271 648
271 648
271 648
271 275
271 275
321 648
321 648
321 648
321 648
321 648
321 648
269 381
269 381
248 317
248 317
248 317
248 317
248 317
248 317
248 317
248 317
335 707
335 707
193 710
193 710
250 617
250 617
420 607
420 607
289 615
289 615
286 616
286 616
282 370
282 370
334 635
334 635
295 341
295 341
238 313
238 313
158 305
158 305
189 348
189 348
217 312
217 312
362 589
362 589
482 690
482 690
469 690
469 690
467 690
467 690
447 690
447 690
431 650
431 650
271 666
271 666
380 627
380 627
271 671
271 671
271 671
271 671
230 297
230 297
271 661
271 661
271 661
271 661
271 281
271 281
271 281
271 281
271 281
271 281
371 660
371 660
321 660
321 660
321 658
321 658
321 358
321 358
299 455
299 455
231 455
231 455
175 304
175 304
362 581
362 581
371 670
371 670
371 670
371 670
371 670
371 670
371 670
371 670
191 682
191 682
105 230
132 371
132 371
132 371
171 201
134 174
89 125
142 373
142 373
213 694
87 694
87 694
227 694
157 423
157 423
157 423
157 423
157 423
157 423
157 423
157 423
150 570
150 570
209 570
184 373
184 373
185 304
185 304
300 373
300 373
153 324
153 324
153 324
153 324
153 324
153 324
159 393
159 393
159 393
159 393
192 464
192 464
161 533
161 533
161 533
165 549
165 549
165 533
165 533
