130
-1
-1
144 133
144 133
112 298
112 298
112 298
112 298
112 298
112 298
112 298
112 298
112 298
112 298
112 298
112 298
118 149
118 149
90 318
90 318
90 318
90 318
78 128
78 128
125 259
142 263
142 263
70 311
70 311
70 311
70 311
70 311
70 311
71 270
71 270
71 270
71 270
71 270
71 270
55 191
51 76
51 76
51 76
80 96
108 167
68 235
75 126
148 330
86 267
103 209
206 215
206 215
206 215
206 215
116 176
116 176
116 176
116 176
78 294
78 294
48 296
48 296
38 77
120 180
120 180
81 214
81 214
81 214
81 214
71 317
71 317
71 317
71 317
71 317
71 317
71 317
71 317
93 332
93 332
93 332
93 332
88 347
88 347
64 329
64 329
65 267
65 267
64 164
64 164
126 353
101 229
203 226
203 226
54 150
54 150
54 150
54 150
54 150
83 304
83 304
83 304
83 304
81 207
81 207
81 207
72 150
103 129
85 116
39 186
115 360
115 360
115 360
115 360
99 102
99 102
99 102
99 102
112 121
45 256
45 256
45 256
45 256
39 200
39 200
62 192
62 192
142 304
75 201
75 201
75 201
83 318
83 318
