266
-1
-1
203 284
203 284
288 697
288 697
272 318
272 318
272 304
272 304
240 272
240 272
323 587
323 587
305 664
305 664
261 645
261 645
258 632
258 632
196 649
196 649
197 262
197 262
228 290
228 290
375 447
375 447
357 439
357 439
255 642
255 642
238 663
238 663
238 663
238 663
238 663
238 663
238 663
238 663
204 663
204 663
204 663
204 663
204 663
204 663
204 663
204 663
204 663
204 663
204 663
204 663
204 663
204 663
204 663
204 663
274 440
258 638
261 317
261 317
261 317
254 692
201 667
201 667
201 667
201 667
234 366
234 366
234 343
290 368
244 544
164 237
164 237
183 367
183 367
166 387
166 387
131 395
131 395
300 377
300 377
263 635
237 601
213 340
213 340
213 349
252 364
252 364
252 281
252 281
314 632
314 632
214 686
214 686
314 666
314 666
314 666
314 666
314 666
314 666
314 666
314 666
314 666
314 666
314 666
314 666
248 286
248 286
248 286
248 286
248 286
248 286
214 286
214 286
214 286
214 286
281 662
281 662
281 652
281 652
281 652
281 652
281 652
281 652
281 652
281 652
219 248
219 248
248 619
248 619
152 314
152 314
152 314
152 314
152 481
152 481
385 665
385 665
381 652
381 652
381 652
381 652
381 652
381 652
374 653
374 653
374 653
374 653
374 653
374 653
374 653
374 653
374 653
374 653
291 657
291 657
291 657
291 657
292 657
292 657
202 315
202 315
291 631
291 631
292 631
291 618
291 618
292 618
328 702
328 702
329 702
328 357
328 357
329 357
314 664
314 664
314 664
314 664
314 664
314 664
314 664
314 664
314 664
373 669
240 620
307 665
308 665
252 280
252 280
240 615
181 286
181 286
181 286
181 286
311 412
311 412
160 279
160 279
430 448
430 448
230 328
230 328
259 628
259 628
234 272
234 272
234 548
234 548
240 670
240 670
240 670
240 670
174 624
174 624
214 291
214 291
214 291
214 291
231 269
231 269
373 670
207 702
207 702
330 651
330 651
330 651
330 651
307 646
307 646
307 646
307 646
307 646
307 646
307 646
307 646
307 646
307 646
378 664
378 664
244 664
244 664
244 285
244 285
278 295
278 295
373 646
373 646
274 428
274 428
274 428
274 428
249 529
236 526
233 526
253 516
256 509
177 678
177 678
177 678
177 678
177 678
177 678
136 501
136 501
132 468
132 468
119 408
119 408
