113
-1
-1
154 332
120 307
90 143
90 143
90 143
90 143
155 206
155 206
80 139
80 139
215 224
215 224
115 164
115 164
129 314
129 314
117 136
117 136
117 274
117 274
120 335
120 335
120 335
120 335
87 312
87 312
107 145
107 145
107 145
107 145
115 134
115 134
186 335
103 351
103 351
165 325
165 325
165 325
165 325
153 323
153 323
153 323
153 323
153 323
153 323
153 323
153 323
153 323
153 323
189 332
189 332
122 332
122 332
122 142
122 142
139 147
139 147
186 323
186 323
137 214
137 214
137 214
137 214
124 264
118 263
116 263
126 258
128 254
88 339
88 339
88 339
88 339
88 339
88 339
88 339
88 339
68 250
68 250
66 234
66 234
59 204
59 204
53 204
53 204
98 354
98 354
91 359
91 359
108 258
141 246
139 246
139 246
139 246
139 246
139 246
109 170
76 142
76 142
76 142
76 142
115 298
158 377
179 206
114 197
72 158
136 340
136 340
205 323
205 323
167 323
167 323
185 298
185 298
