236
-1
-1
149 262
149 262
255 586
299 474
299 474
140 722
140 722
140 722
140 722
140 722
140 722
124 578
124 578
124 578
124 578
124 578
124 578
105 362
101 163
101 163
101 163
174 182
201 375
138 462
160 253
311 674
167 524
196 441
437 411
437 411
437 411
437 411
250 354
250 354
202 363
202 363
202 363
202 363
150 698
150 698
97 585
97 585
78 140
249 393
249 393
179 383
179 383
179 383
179 383
150 605
150 605
150 605
150 605
150 605
150 605
150 605
150 605
224 630
224 630
224 630
224 630
172 644
172 644
137 647
137 647
130 618
130 618
127 340
127 340
275 713
208 399
448 438
448 438
110 308
110 308
110 308
110 308
110 308
157 621
157 621
157 621
157 621
155 415
155 415
155 415
150 321
198 261
180 218
71 341
217 750
217 750
217 750
217 750
236 229
236 229
236 229
236 229
220 245
86 459
86 459
86 459
86 459
82 429
82 429
137 360
137 360
291 570
163 360
163 360
163 360
152 686
152 686
131 502
131 502
147 255
249 625
73 696
190 585
190 585
161 356
161 356
137 309
137 309
137 309
137 309
137 309
137 309
137 309
137 309
137 309
137 309
146 156
126 487
126 487
108 437
108 437
232 553
143 296
143 296
143 296
194 442
288 308
288 308
141 264
141 264
141 264
141 264
124 473
124 473
142 565
142 565
178 342
178 342
222 472
146 776
210 227
248 476
220 430
158 200
94 374
94 374
228 456
164 538
164 538
138 468
138 468
138 468
138 468
208 310
208 310
96 259
96 259
70 151
70 151
193 433
193 433
116 466
116 466
95 282
95 282
178 368
178 368
178 368
178 368
194 532
150 571
150 571
150 571
150 571
174 454
174 454
174 454
174 454
195 310
195 310
195 310
151 138
150 370
150 370
150 370
162 357
162 357
162 357
159 249
148 229
177 606
161 215
161 215
208 395
208 395
208 395
208 395
209 334
209 334
209 334
209 334
208 255
208 255
208 255
208 255
154 664
154 664
150 418
150 418
150 418
150 418
135 425
135 425
135 425
135 425
183 425
183 425
183 425
183 425
183 425
183 425
