123
-1
-1
77 198
77 198
77 198
77 198
97 296
75 308
75 308
75 308
75 308
78 215
78 215
78 215
78 215
110 143
110 143
110 143
68 81
77 163
77 163
77 163
77 163
77 163
77 163
73 110
73 110
103 262
80 92
80 92
116 192
116 192
116 192
116 192
107 178
107 178
107 178
107 178
119 121
119 121
119 121
119 121
79 201
79 201
79 201
79 201
76 222
76 222
76 222
76 222
89 198
89 198
89 198
89 198
89 198
89 198
89 198
89 198
89 198
89 198
89 198
89 198
80 142
80 142
81 308
81 308
87 160
87 160
87 160
87 160
87 160
87 160
78 167
78 167
78 167
84 145
99 296
41 274
68 298
68 298
68 298
68 298
68 298
68 298
42 165
81 134
65 134
65 134
100 294
100 294
73 264
73 264
89 283
89 283
112 252
154 338
98 287
100 109
100 109
157 273
81 224
125 273
114 241
114 241
107 210
107 210
108 216
108 216
78 125
55 77
82 228
82 228
82 228
82 228
127 271
146 273
168 186
117 272
117 272
71 390
71 390
100 194
100 194
100 194
151 365
