412
-1
-1
110 372
110 372
110 372
110 372
66 274
66 274
65 219
44 240
130 263
76 265
76 265
76 265
76 265
78 89
78 89
78 89
78 89
84 145
84 145
102 189
102 189
102 189
77 279
95 279
64 335
64 335
111 307
111 307
93 342
93 342
93 342
80 230
80 230
80 230
80 230
82 88
82 88
82 88
82 88
60 235
60 235
60 235
60 235
60 235
60 235
60 235
60 235
60 235
60 235
60 235
60 235
60 235
60 235
60 235
60 235
200 254
200 254
139 198
139 198
168 237
168 237
168 291
168 291
168 291
168 291
168 291
168 291
60 241
60 241
53 174
53 174
84 156
84 156
72 208
72 208
62 142
62 142
59 157
59 157
53 111
53 111
115 134
115 134
77 207
77 207
78 346
78 346
63 276
63 276
67 289
67 289
89 255
89 255
58 289
58 289
76 210
76 210
76 210
76 210
76 210
76 210
81 179
81 179
71 178
71 178
71 178
71 178
71 178
71 178
71 178
71 178
71 178
71 178
71 178
71 178
71 178
71 178
71 178
71 178
71 178
71 178
41 110
41 110
42 103
42 103
66 180
66 180
66 180
66 180
66 180
66 180
66 180
66 180
66 180
66 180
66 180
66 180
66 180
66 180
66 180
66 180
66 180
66 180
66 180
66 180
66 180
66 180
66 180
66 180
66 180
66 180
66 180
66 180
66 180
66 180
125 135
121 198
121 198
121 198
69 338
69 338
68 163
68 163
59 193
59 193
59 193
59 193
59 193
59 193
158 166
158 166
146 259
144 236
111 317
92 187
92 187
92 187
92 187
120 207
166 307
166 307
144 181
144 181
144 181
144 181
150 153
150 153
150 153
150 153
94 115
123 143
123 143
148 147
117 183
117 183
65 124
65 124
108 158
108 158
79 169
79 169
87 189
87 189
85 138
56 235
56 235
56 235
56 235
128 207
128 207
143 256
124 160
171 242
171 242
174 356
174 356
136 141
136 141
109 148
109 148
109 148
180 164
180 164
160 333
160 333
160 333
160 333
140 231
140 231
126 330
126 330
126 330
126 330
126 139
126 139
107 301
107 301
107 301
107 301
107 301
107 301
107 301
107 301
107 301
107 301
107 301
107 301
115 168
115 168
107 346
107 346
107 346
107 346
69 144
69 144
129 281
134 270
134 270
71 328
71 328
71 328
71 328
71 328
71 328
62 255
62 255
62 255
62 255
62 255
62 255
51 194
46 71
46 71
46 71
82 107
102 174
72 235
78 109
160 330
94 286
105 239
208 203
208 203
208 203
208 203
103 169
103 169
103 169
103 169
80 326
80 326
44 337
44 337
37 76
108 199
108 199
80 186
80 186
80 186
80 186
76 299
76 299
76 299
76 299
76 299
76 299
76 299
76 299
107 348
107 348
107 348
107 348
92 298
92 298
64 299
64 299
69 299
69 299
62 149
62 149
144 301
93 203
229 233
229 233
52 139
52 139
52 139
52 139
52 139
79 342
79 342
79 342
79 342
81 183
81 183
81 183
76 145
100 132
90 124
40 169
118 350
118 350
118 350
118 350
99 124
99 124
99 124
99 124
121 131
42 253
42 253
42 253
42 253
40 190
40 190
66 184
66 184
133 267
76 199
76 199
76 199
83 281
83 281
68 263
68 263
74 150
104 331
43 347
90 267
90 267
78 162
78 162
67 153
67 153
67 153
67 153
67 153
67 153
67 153
67 153
67 153
67 153
81 90
70 285
70 285
54 216
54 216
119 295
74 161
74 161
74 161
104 190
140 153
140 153
69 153
69 153
69 153
69 153
70 209
70 209
71 257
71 257
88 155
88 155
124 216
77 346
77 346
77 346
116 125
116 229
112 225
87 112
