150
-1
-1
54 196
54 196
63 254
63 254
63 254
63 254
63 254
63 254
98 121
98 121
85 222
85 222
85 222
85 222
53 159
53 159
81 323
81 323
81 323
72 286
72 286
72 286
72 286
62 201
62 201
56 249
56 249
56 249
56 249
58 205
58 205
45 182
45 182
57 180
57 180
89 214
59 238
59 238
59 238
59 238
59 238
59 238
59 238
59 238
59 238
59 238
59 238
59 238
54 221
54 221
56 91
56 91
55 92
92 171
92 171
92 171
92 171
92 171
92 171
131 243
131 243
128 141
128 141
101 144
101 144
120 248
120 248
120 248
120 248
95 278
95 278
95 278
95 278
95 278
95 278
95 278
95 278
95 278
95 278
95 278
95 278
76 182
117 175
117 175
117 175
117 175
117 175
71 125
71 125
70 185
70 185
70 185
70 185
121 302
121 302
121 302
121 302
77 159
77 159
90 217
104 218
111 148
63 173
63 173
63 173
63 173
63 173
63 173
63 173
63 173
63 173
63 173
63 173
63 173
63 173
63 173
63 173
63 173
63 173
63 173
154 171
190 183
171 236
90 163
90 163
108 215
87 298
87 298
47 180
222 327
156 385
83 81
83 81
83 81
83 81
83 81
83 81
118 169
75 153
75 153
46 254
108 189
108 189
67 295
67 295
67 295
67 295
67 295
154 354
207 260
