126
-1
-1
120 334
120 334
103 145
103 145
103 145
103 145
103 145
103 145
137 334
137 334
137 334
137 334
158 333
158 333
158 335
158 335
140 307
118 164
118 164
70 118
70 118
190 323
208 335
191 329
191 329
187 329
187 329
220 329
220 329
146 329
146 329
146 329
158 318
158 318
153 312
153 312
151 301
151 301
220 312
220 312
112 120
112 120
135 329
135 329
135 329
135 329
185 324
185 324
185 324
185 324
135 324
135 324
135 324
135 324
135 324
135 324
135 137
135 137
160 324
160 324
160 324
160 324
160 324
160 324
134 190
134 190
124 158
124 158
124 158
124 158
124 158
124 158
124 158
124 158
167 353
167 353
96 355
96 355
125 308
125 308
210 303
210 303
144 307
144 307
143 308
143 308
141 185
141 185
167 317
167 317
147 170
147 170
119 156
119 156
79 152
79 152
94 174
94 174
108 156
108 156
181 294
181 294
241 345
241 345
234 345
234 345
233 345
233 345
223 345
223 345
215 325
215 325
135 333
135 333
190 313
190 313
135 335
135 335
135 335
135 335
115 148
115 148
135 330
135 330
135 330
135 330
