105
-1
-1
136 408
136 408
136 408
136 408
136 408
136 408
120 306
120 306
367 615
367 615
173 535
153 483
153 483
422 686
422 686
265 671
98 164
197 248
387 415
130 267
130 267
268 720
301 298
301 298
260 250
267 682
220 553
220 553
234 424
234 424
207 225
374 701
186 440
109 429
109 429
107 383
107 383
175 172
175 172
175 172
175 172
175 172
175 172
108 562
108 562
110 534
110 534
229 926
111 556
111 556
108 455
108 455
226 390
221 321
221 321
221 321
221 321
221 321
221 321
277 429
275 410
219 572
251 675
402 568
402 568
158 618
158 618
171 612
171 612
148 343
148 343
148 343
148 343
148 343
148 343
150 283
150 283
150 283
150 283
160 777
81 663
209 538
209 538
209 538
209 538
106 563
106 563
106 563
106 563
106 563
106 563
106 563
106 563
106 563
106 563
182 462
182 462
212 247
172 490
127 228
145 335
171 456
196 585
196 585
196 585
