116
-1
-1
105 158
105 158
105 158
71 75
76 168
76 168
76 168
76 168
76 168
76 168
76 119
76 119
97 275
77 102
77 102
114 183
114 183
114 183
114 183
113 183
113 183
113 183
113 183
114 117
114 117
114 117
114 117
74 207
74 207
74 207
74 207
74 206
74 206
74 206
74 206
85 204
85 204
85 204
85 204
85 204
85 204
85 204
85 204
85 204
85 204
85 204
85 204
85 155
85 155
74 334
74 334
92 175
92 175
92 175
92 175
92 175
92 175
85 175
85 175
85 175
93 154
99 294
41 294
63 279
63 279
63 279
63 279
63 279
63 279
42 183
83 135
61 133
61 133
92 275
92 275
67 275
67 275
93 273
93 273
115 236
169 335
100 298
93 113
93 113
166 251
90 218
127 258
113 228
113 228
111 228
111 228
114 225
114 225
77 135
52 77
87 224
87 224
87 224
87 224
129 285
153 287
153 202
112 283
112 283
73 402
73 402
108 180
108 180
108 180
146 342
120 269
104 340
104 340
137 292
137 292
98 302
