219
-1
-1
97 439
97 439
136 307
164 607
87 202
161 361
161 361
161 361
161 361
161 361
161 361
147 186
147 186
122 334
122 334
211 293
131 424
131 424
125 424
125 424
147 656
147 656
177 563
177 563
179 559
179 559
166 638
166 638
218 216
218 216
90 293
90 293
143 248
93 344
93 344
93 344
93 344
108 357
108 357
123 472
123 472
123 472
123 472
156 355
156 355
156 355
156 355
156 355
156 355
122 224
403 546
167 348
167 348
167 348
167 348
204 228
90 281
212 479
80 485
176 565
176 565
176 565
176 565
184 666
184 666
184 666
223 505
223 505
223 505
159 257
159 257
110 196
79 432
79 432
150 367
150 367
117 544
117 544
150 304
140 402
130 408
130 408
161 403
161 403
161 403
161 403
266 634
255 461
255 461
255 461
155 700
155 700
178 313
178 313
153 286
243 345
243 345
141 525
141 525
141 525
141 525
132 315
132 315
127 168
127 168
169 177
221 308
221 308
243 622
243 622
243 622
243 622
158 239
158 239
340 584
340 584
142 572
142 572
142 572
142 572
139 374
165 626
165 626
83 421
83 421
151 505
151 505
127 555
127 555
160 381
160 381
127 652
127 652
127 652
127 652
127 652
127 652
151 638
151 638
154 446
154 446
199 422
199 422
145 410
145 410
145 410
145 410
136 378
136 378
136 378
136 378
136 378
136 258
136 258
165 240
165 240
141 235
141 235
141 235
141 235
110 359
110 359
143 354
192 300
174 325
174 325
174 325
174 325
163 662
202 607
202 607
182 559
182 559
204 399
181 360
181 360
195 365
96 121
192 374
255 349
255 349
218 383
218 383
145 403
145 403
187 371
157 401
157 401
179 633
179 633
158 351
158 351
158 351
158 351
158 299
158 299
201 359
201 359
195 397
195 397
181 521
162 264
162 264
226 263
226 263
226 263
115 691
115 691
115 691
115 691
144 367
144 367
170 401
170 401
127 412
127 412
127 412
127 412
196 369
