256
-1
-1
133 195
65 133
65 133
65 133
65 133
66 188
66 188
66 188
66 188
67 204
67 204
71 181
71 181
61 262
61 262
143 215
143 215
143 215
143 215
57 163
57 163
92 159
92 159
87 157
87 157
91 304
91 304
111 221
111 221
63 134
63 134
63 134
63 134
63 134
63 134
48 189
48 189
88 225
88 225
50 222
50 222
48 200
48 200
94 177
94 177
94 177
73 140
73 140
92 157
92 157
71 137
71 137
50 265
50 265
51 274
51 274
41 95
91 87
61 227
61 227
85 222
85 222
85 222
85 222
57 254
57 254
45 242
45 242
74 153
76 269
44 98
78 183
78 183
78 183
78 183
78 183
78 183
69 88
69 88
70 170
70 170
122 139
64 243
64 243
66 245
66 245
68 283
68 283
68 283
68 283
68 283
68 283
77 329
77 329
86 316
86 316
86 316
86 316
105 101
105 101
50 142
50 142
72 133
72 133
72 133
47 186
47 186
47 186
47 186
54 192
54 192
64 264
64 264
64 264
64 264
70 160
70 160
70 160
70 160
70 160
70 160
60 108
191 285
80 182
80 182
80 182
80 182
114 128
43 122
118 245
39 281
99 344
99 344
99 344
99 344
91 299
91 299
91 299
105 231
105 231
105 231
76 128
76 128
51 101
36 186
36 186
89 202
89 202
56 255
56 255
79 170
67 215
66 205
66 205
73 211
73 211
73 211
73 211
125 317
121 258
121 258
121 258
76 298
76 298
80 139
80 139
72 136
123 177
123 177
79 259
79 259
79 259
79 259
75 141
75 141
69 78
69 78
91 86
105 164
105 164
141 332
141 332
141 332
141 332
78 115
78 115
175 270
175 270
63 201
73 292
73 292
46 228
46 228
88 235
88 235
68 233
68 233
80 205
80 205
75 328
75 328
75 328
75 328
75 328
75 328
67 315
67 315
78 222
78 222
94 204
94 204
81 198
81 198
81 198
81 198
81 198
81 198
81 198
81 198
81 198
81 198
81 198
81 198
81 198
81 198
81 198
81 198
81 198
81 198
72 186
72 186
72 186
72 186
72 186
72 186
72 186
72 186
72 186
72 186
72 186
78 128
78 128
97 118
97 118
69 121
69 121
69 121
69 121
50 200
50 200
71 180
87 175
86 155
86 155
86 155
86 155
