349
-1
-1
101 151
165 470
165 470
165 470
165 470
276 536
277 579
304 425
246 605
246 605
154 772
154 772
232 328
232 328
232 328
300 679
265 582
212 613
212 613
266 574
266 574
201 622
178 652
403 611
344 625
344 625
266 315
266 315
305 605
305 605
270 376
270 723
217 250
217 250
291 626
291 626
291 626
291 626
291 626
291 626
301 608
301 608
343 607
343 607
343 607
343 607
317 717
317 717
311 608
311 608
164 663
164 663
326 672
313 711
262 560
262 560
270 671
270 671
304 698
304 698
304 698
304 698
376 477
376 477
226 705
226 705
295 711
295 711
295 711
203 391
203 391
270 374
270 374
294 696
237 367
237 367
227 345
227 345
227 345
227 345
227 345
227 345
288 498
288 498
288 498
288 498
282 356
282 356
282 356
282 356
282 356
282 356
394 409
394 409
139 310
139 310
139 310
139 310
139 310
139 310
139 310
139 310
139 310
139 310
139 310
139 310
139 310
139 310
139 310
139 310
334 678
334 678
203 307
203 307
155 558
155 558
434 492
434 492
473 449
473 449
232 426
232 426
340 602
340 602
324 651
324 651
324 651
177 223
177 223
321 620
321 620
280 671
280 671
300 677
300 677
289 631
289 631
333 749
333 749
293 713
293 713
199 277
199 277
255 638
255 638
328 611
328 611
294 380
294 380
356 613
282 610
120 594
120 594
122 161
122 161
122 161
127 267
180 358
115 258
176 599
139 367
150 359
150 359
130 425
130 425
160 347
160 347
160 347
160 347
160 347
160 347
191 526
191 526
191 526
191 526
191 526
191 526
149 557
149 557
115 354
115 354
155 519
155 519
145 488
145 488
156 162
156 162
187 608
187 608
187 608
187 608
131 828
131 828
131 828
131 828
147 553
147 553
173 499
173 499
173 499
173 499
238 389
238 389
121 598
121 598
121 598
121 598
115 608
115 608
115 608
115 608
115 608
115 608
135 568
135 568
297 440
120 519
120 519
128 533
128 533
125 449
125 449
96 393
96 393
255 432
131 603
131 603
147 529
147 529
150 577
150 577
150 577
150 577
167 578
167 578
115 502
115 502
115 502
115 502
114 567
114 567
114 567
114 567
148 609
148 609
169 693
169 693
167 515
167 515
172 661
172 661
177 694
177 694
153 570
153 570
171 171
171 171
171 171
171 171
163 532
163 532
151 520
151 520
170 204
170 204
178 622
178 622
180 194
180 194
183 583
183 583
177 174
177 174
165 562
165 562
174 192
174 192
174 192
174 192
174 192
174 192
195 178
195 178
163 514
163 514
173 520
173 520
199 194
199 194
173 567
173 567
173 543
173 543
179 192
179 192
179 192
179 192
170 587
170 587
167 549
167 549
191 523
191 523
187 174
187 174
157 721
157 721
158 704
158 704
185 703
185 703
163 687
163 687
175 641
175 641
175 641
175 641
177 620
177 620
177 620
177 620
182 624
182 624
185 670
185 670
186 639
186 639
150 404
150 404
159 414
159 414
169 528
169 528
191 519
191 519
195 254
121 294
121 294
226 245
173 260
173 260
173 260
273 336
153 332
279 309
177 370
106 346
106 346
106 346
