365
-1
-1
40 198
40 198
85 174
85 174
60 247
60 247
72 142
70 193
61 187
61 187
68 205
68 205
68 205
68 205
131 310
132 223
132 223
132 223
75 318
75 318
86 142
86 142
83 154
122 177
122 177
72 245
72 245
72 245
72 245
71 142
71 142
67 75
67 75
91 88
97 158
97 158
136 348
136 348
136 348
136 348
92 122
92 122
198 300
198 300
64 217
75 270
75 270
46 226
46 226
75 248
75 248
58 265
58 265
78 195
78 195
70 328
70 328
70 328
70 328
70 328
70 328
75 315
75 315
78 214
78 214
90 190
90 190
71 180
71 180
71 180
71 180
71 180
71 180
71 180
71 180
71 180
71 180
71 180
71 180
71 180
71 180
71 180
71 180
71 180
71 180
77 184
77 184
77 184
77 184
77 184
77 184
77 184
77 184
77 184
77 184
77 184
69 124
69 124
85 133
85 133
81 118
81 118
81 118
81 118
53 182
53 182
66 170
93 157
88 155
88 155
88 155
88 155
76 298
93 352
93 352
101 337
101 337
92 209
88 199
88 199
91 193
48 60
100 211
135 174
135 174
127 166
127 166
127 166
127 166
75 173
75 173
93 180
79 180
79 180
86 319
86 319
76 187
76 187
76 187
76 187
79 130
79 130
79 130
79 130
88 197
88 197
89 189
89 189
105 280
90 146
90 146
104 138
104 138
104 138
65 352
65 352
65 352
65 352
71 176
71 176
88 184
88 184
63 215
63 215
63 215
63 215
110 170
91 156
91 156
72 240
72 240
72 240
72 240
62 163
62 163
62 163
62 163
58 158
58 158
58 158
58 158
36 91
36 91
47 170
79 291
79 291
120 315
73 226
125 284
130 161
128 192
128 192
53 193
53 193
84 113
84 113
62 132
95 159
95 159
137 256
137 256
137 256
137 256
137 256
137 256
137 256
137 256
137 256
137 256
152 153
266 324
266 324
266 324
266 324
283 380
283 380
283 380
283 380
266 331
297 320
297 320
297 320
138 376
138 376
147 345
147 345
97 320
97 320
97 320
97 320
97 320
118 262
118 262
118 262
118 262
79 173
79 173
182 321
182 321
159 249
159 249
111 138
111 138
120 357
120 357
251 315
251 315
251 315
175 335
175 335
162 169
162 169
172 336
172 336
151 189
151 189
173 328
89 309
89 309
144 154
144 154
140 309
140 309
140 309
140 309
89 121
89 121
89 121
89 121
149 343
149 343
149 343
149 343
140 343
140 343
178 200
178 200
150 319
150 319
120 171
120 171
94 293
94 293
184 358
184 358
184 358
184 358
95 135
95 135
117 267
117 267
117 267
117 267
117 267
117 267
117 267
117 267
183 334
183 334
177 342
177 342
143 198
143 198
126 336
126 336
142 241
137 321
137 321
136 161
136 161
136 161
136 161
104 373
104 373
103 380
103 380
117 132
117 132
99 334
99 334
298 369
298 369
298 369
298 369
298 369
298 369
120 308
124 211
132 188
58 209
50 273
50 273
100 223
52 69
110 176
110 176
110 176
110 176
144 371
74 311
62 156
62 156
82 199
82 199
85 104
77 94
75 337
75 337
65 167
65 167
45 95
80 128
92 270
92 270
93 177
93 177
93 177
96 165
96 165
96 165
96 165
96 165
96 165
102 136
102 136
