385
-1
-1
283 655
283 655
326 572
326 572
470 581
470 581
222 256
222 256
263 619
263 619
263 619
263 619
400 642
400 642
400 642
400 642
261 686
261 686
261 686
261 686
261 686
261 686
287 262
287 262
324 629
324 629
324 629
324 629
324 629
324 629
264 415
264 415
226 311
226 311
226 311
226 311
226 311
226 311
226 311
226 311
309 672
309 672
206 696
206 696
235 623
235 623
383 559
383 559
309 645
309 645
297 580
297 580
257 341
257 341
314 673
314 673
281 324
281 324
252 301
252 301
146 311
146 311
171 321
171 321
230 288
230 288
326 560
326 560
525 752
525 752
511 628
511 628
439 738
439 738
451 684
451 684
388 689
388 689
266 719
266 719
391 602
391 602
292 625
292 625
292 625
292 625
217 271
217 271
287 727
287 727
287 727
287 727
253 256
253 256
253 256
253 256
253 256
253 256
349 614
349 614
330 608
330 608
309 632
309 632
309 341
309 341
304 486
304 486
233 491
233 491
174 280
174 280
344 541
344 541
338 624
338 624
338 624
338 624
338 624
338 624
338 624
338 624
208 642
208 642
97 243
125 389
125 389
125 389
186 219
125 159
89 119
146 395
146 395
234 763
79 728
79 728
214 728
161 402
161 402
161 402
161 402
161 402
161 402
161 402
161 402
141 559
141 559
225 553
166 344
166 344
176 277
176 277
312 395
312 395
166 295
166 295
166 295
166 295
166 295
166 295
155 428
155 428
155 428
155 428
203 468
203 468
165 523
165 523
165 523
181 517
181 517
178 548
178 548
169 312
169 312
169 312
169 312
169 312
169 312
139 436
139 436
140 439
140 439
136 427
136 427
135 419
135 419
172 406
172 406
176 412
176 412
176 412
176 412
192 628
169 334
169 334
175 327
175 327
144 571
144 571
144 571
144 571
144 571
144 571
184 326
184 326
174 381
174 381
174 381
174 381
174 381
174 381
206 401
206 401
206 401
206 401
178 455
178 455
178 455
178 455
166 455
166 455
157 485
157 485
234 555
219 347
219 347
206 281
206 281
206 281
206 281
206 281
206 281
172 609
172 609
154 603
154 603
154 603
154 603
134 195
134 195
222 593
90 621
186 741
186 741
186 741
186 741
186 741
186 741
210 306
210 306
210 306
210 306
84 202
219 385
219 385
211 222
211 222
207 302
207 302
138 402
138 402
138 402
145 299
145 299
145 299
145 299
145 299
145 299
194 241
194 241
194 241
135 388
135 388
135 451
135 451
165 576
165 576
165 576
165 576
165 576
165 576
165 576
165 576
157 566
157 566
174 592
174 592
246 732
214 399
214 399
222 349
210 335
210 335
210 335
210 335
248 256
275 438
119 250
119 250
119 250
119 250
137 398
137 398
137 398
137 398
140 409
140 409
124 354
124 354
122 454
122 454
334 426
334 426
334 426
334 426
120 319
120 319
181 332
181 332
172 297
172 297
167 582
167 582
211 485
211 485
126 237
126 237
126 237
126 237
126 237
126 237
98 373
98 373
190 443
190 443
93 440
93 440
105 384
105 384
175 402
175 402
175 402
144 276
144 276
199 370
199 370
139 308
139 308
114 547
114 547
108 544
108 544
91 170
164 181
123 509
123 509
154 435
154 435
154 435
154 435
127 471
127 471
96 444
96 444
135 331
159 595
92 168
134 419
134 419
134 419
134 419
134 419
134 419
145 159
145 159
141 379
141 379
241 265
112 483
112 483
127 447
127 447
127 565
127 565
