95
-1
-1
173 683
173 683
176 679
176 679
141 434
141 434
145 459
145 459
168 586
168 586
179 546
179 546
181 267
110 278
110 278
218 247
167 262
167 262
167 262
266 339
164 311
274 339
164 402
108 343
108 343
108 343
108 337
108 337
108 264
108 264
108 264
108 312
108 312
108 312
108 298
108 298
108 298
427 705
427 705
325 675
466 674
466 674
466 674
327 671
415 674
415 674
203 260
203 260
259 546
259 546
159 547
159 547
386 669
158 422
323 517
290 353
311 588
311 688
311 688
339 505
314 338
314 338
314 338
314 688
314 688
314 688
255 688
255 688
467 635
467 635
171 374
369 640
370 641
223 629
80 425
80 425
295 631
295 631
221 581
160 272
160 272
160 272
160 272
160 272
160 272
160 272
160 272
297 352
297 352
292 499
292 499
208 284
208 284
181 573
181 573
