233
-1
-1
153 286
243 345
243 345
141 525
141 525
141 525
141 525
132 315
132 315
127 168
127 168
169 177
221 308
221 308
243 622
243 622
243 622
243 622
158 239
158 239
340 584
340 584
142 572
142 572
142 572
142 572
139 374
165 626
165 626
83 421
83 421
151 505
151 505
127 555
127 555
160 381
160 381
127 652
127 652
127 652
127 652
127 652
127 652
151 638
151 638
154 446
154 446
199 422
199 422
145 410
145 410
145 410
145 410
136 378
136 378
136 378
136 378
136 378
136 258
136 258
165 240
165 240
141 235
141 235
141 235
141 235
110 359
110 359
143 354
192 300
174 325
174 325
174 325
174 325
163 662
202 607
202 607
182 559
182 559
204 399
181 360
181 360
195 365
96 121
192 374
255 349
255 349
218 383
218 383
145 403
145 403
187 371
157 401
157 401
179 633
179 633
158 351
158 351
158 351
158 351
158 299
158 299
201 359
201 359
195 397
195 397
181 521
162 264
162 264
226 263
226 263
226 263
115 691
115 691
115 691
115 691
144 367
144 367
170 401
170 401
127 412
127 412
127 412
127 412
196 369
174 342
174 342
147 537
147 537
147 537
147 537
119 379
119 379
119 379
119 379
127 296
127 296
127 296
127 296
72 170
72 170
141 258
141 258
88 326
146 561
146 561
214 546
161 468
238 620
218 347
259 333
259 333
95 410
95 410
156 203
181 209
138 253
190 354
190 354
254 511
254 511
254 511
254 511
254 511
254 511
254 511
254 511
254 511
254 511
295 308
628 699
628 699
628 699
628 699
566 740
566 740
566 740
566 740
643 768
637 739
637 739
637 739
263 726
263 726
289 637
289 637
174 594
174 594
174 594
174 594
174 594
246 588
246 588
246 588
246 588
176 370
176 370
352 712
352 712
273 476
273 476
229 324
229 324
230 694
230 694
522 738
522 738
522 738
348 672
348 672
284 353
284 353
332 622
332 622
303 323
303 323
374 615
202 683
202 683
262 252
262 252
297 690
297 690
297 690
297 690
167 234
167 234
167 234
167 234
303 627
303 627
303 627
303 627
