135
-1
-1
61 258
61 258
64 263
64 263
58 305
58 305
133 255
48 208
48 208
48 208
48 208
48 208
48 208
48 208
48 208
48 208
48 208
113 131
128 296
120 288
117 278
138 284
139 250
118 158
110 143
98 122
175 310
119 405
119 405
155 324
155 324
155 324
155 324
206 324
206 324
206 324
206 324
150 293
150 293
101 309
101 309
112 306
112 306
190 296
190 296
204 293
204 293
177 320
177 320
155 308
155 308
114 332
114 332
127 207
127 207
168 182
168 182
116 154
116 154
95 142
95 142
109 130
109 130
109 130
109 130
109 130
109 130
109 130
109 130
113 297
98 151
98 151
72 170
72 170
72 170
72 170
71 223
71 223
70 309
70 309
70 309
70 309
70 309
70 309
70 309
70 309
70 309
70 309
70 309
70 309
70 309
70 309
70 309
70 309
66 156
102 195
102 195
102 195
102 195
102 195
102 195
85 187
85 187
85 136
85 136
85 136
81 131
81 131
81 131
68 98
62 206
62 206
74 349
74 349
74 349
144 174
150 161
150 161
150 161
85 329
85 329
85 329
85 329
80 275
80 275
80 275
80 275
80 275
80 275
75 164
75 164
79 180
79 180
79 180
79 180
