133
-1
-1
133 286
123 286
133 268
151 255
116 148
111 148
106 117
178 329
110 372
110 372
154 327
154 327
154 327
154 327
188 327
188 327
188 327
188 327
137 315
137 315
104 315
104 315
117 312
117 312
204 302
204 302
188 302
188 302
171 302
171 302
154 302
154 302
121 302
121 302
121 205
121 205
167 202
167 202
117 167
117 167
104 144
104 144
121 122
121 122
121 122
121 122
121 122
121 122
121 122
121 122
110 306
95 167
95 167
78 167
78 167
78 167
78 167
78 225
78 225
76 306
76 306
76 306
76 306
76 306
76 306
76 306
76 306
76 306
76 306
76 306
76 306
76 306
76 306
76 306
76 306
70 167
100 207
100 207
100 207
100 207
100 207
100 207
91 190
91 190
79 140
79 140
79 140
74 140
74 140
74 140
70 93
61 191
61 191
74 324
74 324
74 324
143 159
159 176
159 176
159 176
78 323
78 323
78 323
78 323
82 292
82 292
82 292
82 292
82 292
82 292
79 174
79 174
79 175
79 175
79 175
79 175
76 326
76 326
76 324
76 324
76 324
76 324
87 110
87 110
87 110
65 188
65 188
65 179
65 179
61 181
61 181
60 181
60 181
