219
-1
-1
160 552
160 552
112 351
112 351
161 524
161 524
155 484
155 484
155 155
155 155
192 585
192 585
192 585
192 585
125 797
125 797
125 797
125 797
140 522
140 522
158 519
158 519
158 519
158 519
217 432
217 432
130 657
130 657
130 657
130 657
123 574
123 574
123 574
123 574
123 574
123 574
129 573
129 573
286 428
131 514
131 514
131 508
131 508
131 498
131 498
97 401
97 401
239 428
143 569
143 569
156 551
156 551
138 601
138 601
138 601
138 601
154 551
154 551
122 551
122 551
122 551
122 551
121 551
121 551
121 551
121 551
155 554
155 554
181 636
181 636
154 553
154 553
173 681
173 681
174 681
174 681
168 575
168 575
168 189
168 189
168 189
168 189
168 571
168 571
167 571
167 571
167 189
167 189
181 571
181 571
181 189
181 189
188 578
188 578
188 189
188 189
183 573
183 573
183 189
183 189
183 189
183 189
183 189
183 189
179 189
179 189
179 541
179 541
185 571
185 571
185 189
185 189
183 578
183 578
184 571
184 571
184 189
184 189
184 189
184 189
184 576
184 576
183 571
183 571
182 581
182 581
182 189
182 189
167 681
167 681
171 684
171 684
169 676
169 676
171 681
171 681
170 681
170 681
170 681
170 681
169 681
169 681
169 681
169 681
169 678
169 678
173 683
173 683
176 679
176 679
141 434
141 434
145 459
145 459
168 586
168 586
179 546
179 546
181 267
110 278
110 278
218 247
167 262
167 262
167 262
266 339
164 311
274 339
164 402
108 343
108 343
108 343
108 337
108 337
108 264
108 264
108 264
108 312
108 312
108 312
108 298
108 298
108 298
427 705
427 705
325 675
466 674
466 674
466 674
327 671
415 674
415 674
203 260
203 260
259 546
259 546
159 547
159 547
386 669
158 422
323 517
290 353
311 588
311 688
311 688
339 505
314 338
314 338
314 338
314 688
314 688
314 688
255 688
255 688
467 635
467 635
171 374
369 640
370 641
