226
-1
-1
330 610
330 610
179 525
179 525
322 369
322 369
322 369
322 369
150 322
150 322
150 322
150 322
271 637
271 637
218 686
218 686
177 337
177 337
248 675
248 675
248 675
248 675
110 663
65 725
171 306
212 277
92 281
422 716
176 315
93 319
174 303
126 207
140 212
145 204
231 424
162 282
133 542
133 542
118 261
118 261
164 204
259 441
259 441
141 368
141 368
82 229
139 569
139 569
140 324
119 197
119 197
127 572
127 572
127 572
127 572
127 572
127 572
135 512
135 512
127 290
127 290
127 290
140 692
198 616
351 479
278 786
140 552
174 606
137 161
183 343
408 725
325 606
325 606
325 606
325 606
325 606
325 606
293 350
293 350
256 314
256 314
256 314
256 314
306 707
306 707
306 707
306 707
306 707
306 707
262 289
262 289
262 289
262 289
290 607
290 607
224 644
224 644
224 644
441 666
441 666
441 666
331 385
331 385
360 682
360 682
360 682
360 682
360 682
360 682
360 682
360 682
256 715
256 715
217 311
217 311
217 311
217 311
217 311
217 311
261 663
261 663
261 663
261 663
331 620
331 620
301 645
301 645
294 553
216 320
148 241
148 241
414 615
446 631
409 607
409 607
371 718
371 718
410 672
410 672
284 646
284 646
284 646
304 573
304 573
310 636
310 636
293 662
293 662
444 673
444 673
204 226
204 226
266 645
266 645
266 645
266 645
364 584
364 584
364 584
364 584
263 616
263 616
263 616
263 616
263 616
263 616
247 259
247 259
324 603
324 603
324 603
324 603
324 603
324 603
290 359
290 359
229 345
229 345
229 345
229 345
229 345
229 345
229 345
229 345
302 721
302 721
192 682
192 682
260 629
260 629
412 589
412 589
263 664
263 664
300 652
300 652
287 333
287 333
318 647
318 647
318 371
318 371
224 325
224 325
159 284
159 284
190 382
190 382
236 315
236 315
383 606
383 606
458 670
458 670
487 752
487 752
444 670
444 670
430 628
430 628
406 669
406 669
247 692
247 692
365 689
365 689
