234
-1
-1
56 355
32 345
72 162
108 115
39 150
252 361
104 175
49 154
86 143
64 113
78 113
63 103
113 206
82 143
72 289
72 289
57 120
57 120
82 103
122 231
122 231
72 186
72 186
41 115
64 304
64 304
73 184
64 102
64 102
63 320
63 320
63 320
63 320
63 320
63 320
70 256
70 256
70 156
70 156
70 156
62 366
102 331
161 237
140 325
69 244
73 369
63 88
108 200
198 352
162 326
162 326
162 326
162 326
162 326
162 326
167 165
167 165
132 184
132 184
132 184
132 184
153 308
153 308
153 308
153 308
153 308
153 308
153 308
146 145
146 145
146 145
146 145
162 330
162 330
162 330
162 330
162 330
162 330
117 306
117 306
117 306
197 294
197 294
197 294
155 169
155 169
178 304
178 304
178 304
178 304
178 304
178 304
178 304
178 304
129 331
129 331
98 159
98 159
98 159
98 159
98 159
98 159
139 301
139 301
139 301
139 301
173 346
173 346
144 302
144 302
128 280
116 178
116 178
68 121
68 121
209 339
214 315
208 306
208 306
180 361
180 361
216 320
216 320
156 297
156 297
156 297
149 312
149 312
152 324
152 324
163 295
163 295
237 303
237 303
122 108
122 108
140 342
140 342
140 342
140 342
180 302
180 302
180 302
180 302
144 336
144 336
144 336
144 336
144 336
144 336
130 141
130 141
159 302
159 302
159 302
159 302
159 302
159 302
126 191
126 191
120 152
120 152
120 152
120 152
120 152
120 152
120 152
120 152
170 381
170 381
99 345
99 345
130 335
130 335
206 321
206 321
137 286
137 286
135 323
135 323
152 192
152 192
182 289
182 289
134 180
134 180
109 163
109 163
72 149
72 149
91 180
91 180
109 144
109 144
180 311
180 311
257 372
257 372
230 328
230 328
222 369
222 369
234 358
234 358
196 299
196 299
126 342
126 342
195 328
195 328
127 351
127 351
127 351
127 351
119 135
119 135
125 356
125 356
125 356
125 356
126 144
126 144
126 144
126 144
126 144
126 144
196 339
196 339
174 343
174 343
168 355
168 355
154 184
154 184
