115
-1
-1
194 384
96 130
206 410
246 339
246 339
239 349
239 349
151 374
151 374
196 382
151 382
151 382
173 581
173 581
159 389
159 389
159 389
159 389
159 272
159 272
190 370
190 370
190 368
190 368
196 511
166 277
166 277
210 268
210 268
210 268
127 646
127 646
127 646
127 646
142 374
142 374
186 382
186 382
117 397
117 397
117 397
117 397
212 355
179 314
179 314
143 527
143 527
143 527
143 527
125 355
125 355
125 355
125 355
125 288
125 288
125 288
125 288
79 188
79 188
145 274
145 274
88 346
158 572
158 572
222 600
162 464
247 564
239 357
272 354
272 354
104 377
104 377
171 218
170 219
134 281
197 348
197 348
261 526
261 526
261 526
261 526
261 526
261 526
261 526
261 526
261 526
261 526
281 297
571 713
571 713
571 713
571 713
571 705
571 705
571 705
571 705
585 705
585 672
585 672
585 672
285 705
285 705
278 670
278 670
189 652
189 652
189 652
189 652
189 652
233 535
233 535
233 535
233 535
165 360
165 360
