367
-1
-1
380 624
380 624
155 679
155 679
187 679
187 679
164 376
164 376
164 376
164 376
164 376
164 376
164 310
164 310
164 310
164 310
175 720
87 720
194 578
194 578
194 578
194 578
112 527
112 527
112 527
112 527
112 527
112 527
112 527
112 527
112 527
112 527
172 440
172 440
230 249
186 505
123 242
154 305
174 470
185 574
185 574
185 574
187 566
187 566
131 553
131 553
101 364
101 364
101 364
112 454
112 454
114 450
114 450
113 419
113 419
277 379
177 349
147 334
147 334
147 334
147 334
147 334
147 334
147 334
147 334
131 148
131 148
123 148
133 330
133 330
133 330
133 330
187 389
187 389
104 191
153 437
153 437
176 379
176 379
176 379
176 379
180 334
180 334
180 334
180 334
155 644
155 644
103 373
103 373
155 360
155 360
155 360
155 360
155 360
155 360
155 360
155 360
155 293
155 293
261 404
261 404
261 404
261 404
261 404
188 212
212 412
184 369
184 369
188 247
188 247
188 247
188 247
188 247
188 247
155 236
155 236
155 236
155 236
139 223
364 500
364 533
282 292
282 292
282 292
282 292
282 292
133 464
133 464
183 572
183 572
183 572
183 572
155 555
155 555
168 545
168 545
168 545
168 545
136 522
136 522
170 447
170 447
180 329
180 329
185 645
185 645
226 330
210 324
200 317
200 317
226 311
286 309
194 309
194 309
194 309
194 309
194 309
194 309
272 286
272 286
148 641
148 641
148 641
148 641
148 641
148 641
148 641
148 641
271 324
316 657
316 657
321 642
321 642
190 541
190 541
316 366
316 366
316 366
316 366
166 316
166 316
166 316
166 316
288 656
288 656
216 648
216 648
166 310
166 310
241 625
241 625
241 625
241 625
120 705
64 678
157 312
210 255
85 276
468 709
193 335
97 335
165 284
134 217
147 232
140 216
210 432
153 269
146 537
146 537
108 249
108 249
165 212
267 459
267 459
142 400
142 400
79 243
135 558
135 558
134 348
129 190
129 190
117 589
117 589
117 589
117 589
117 589
117 589
145 527
145 527
132 298
132 298
132 298
136 672
193 669
335 440
268 715
139 536
160 673
138 178
201 372
375 672
304 658
304 658
304 658
304 658
304 658
304 658
305 337
305 337
272 337
272 337
272 337
272 337
339 655
339 655
339 655
339 655
339 655
339 655
272 310
272 310
272 310
272 310
305 667
305 667
240 657
240 657
240 657
429 647
429 647
429 647
337 374
337 374
374 669
374 669
374 669
374 669
374 669
374 669
374 669
374 669
240 669
240 669
207 291
207 291
207 291
207 291
207 291
207 291
274 669
274 669
274 669
274 669
316 666
316 666
316 671
316 671
280 614
237 329
140 237
140 237
380 647
417 671
383 659
383 659
374 659
374 659
440 659
440 659
292 659
292 659
292 659
316 636
316 636
307 624
307 624
302 602
302 602
440 624
440 624
224 240
224 240
271 658
271 658
271 658
271 658
371 648
371 648
371 648
371 648
271 648
271 648
271 648
271 648
271 648
271 648
271 275
271 275
321 648
321 648
321 648
321 648
321 648
321 648
269 381
269 381
248 317
248 317
248 317
248 317
248 317
248 317
248 317
248 317
335 707
335 707
193 710
193 710
250 617
250 617
420 607
420 607
289 615
289 615
286 616
286 616
