303
-1
-1
173 357
173 357
173 309
173 309
173 309
173 309
130 148
130 148
128 323
128 323
176 353
176 353
176 353
176 353
144 356
144 356
141 168
141 168
121 120
121 120
197 327
197 327
197 327
197 327
149 168
149 168
123 175
123 175
123 175
123 175
80 133
80 133
168 299
168 299
130 333
130 333
130 333
130 333
130 333
130 333
218 349
218 349
225 356
225 356
88 107
88 107
226 232
226 232
226 232
226 232
226 232
226 232
226 232
226 232
183 198
183 198
183 198
183 198
183 198
183 198
152 202
152 202
152 202
152 202
152 202
152 202
152 202
152 202
152 202
152 202
152 202
152 202
152 202
152 202
152 202
152 202
152 202
152 202
152 202
152 202
152 202
152 202
152 202
152 202
152 202
152 202
152 202
152 202
152 202
152 202
152 202
152 202
152 202
152 202
92 99
92 99
94 106
94 106
180 195
180 195
180 195
180 195
132 164
132 164
61 144
61 144
61 144
61 144
56 161
56 161
203 331
165 322
165 322
165 322
165 322
114 307
113 301
113 301
113 301
113 301
113 301
113 301
152 352
152 352
124 126
124 126
124 126
124 126
124 126
124 126
169 319
169 319
169 319
106 164
106 164
106 164
106 164
147 341
147 341
147 341
147 341
120 357
120 357
120 357
120 357
112 147
112 147
203 322
203 322
143 314
143 314
128 349
128 349
83 139
83 139
83 139
83 139
83 139
83 139
83 139
83 139
166 308
166 308
166 308
166 308
166 308
166 308
166 308
166 308
253 367
253 367
154 308
181 349
118 311
118 311
147 325
147 325
147 325
147 325
100 114
100 114
194 231
194 231
119 324
119 324
112 159
112 159
109 181
109 181
194 228
194 228
113 342
113 342
193 235
193 235
161 216
161 216
139 361
139 361
104 180
104 180
107 194
107 194
100 368
100 368
100 368
100 368
156 301
156 301
102 178
102 178
156 347
156 347
92 143
92 143
149 358
149 358
149 150
149 150
123 146
123 146
117 144
117 144
172 285
172 285
146 341
146 341
120 288
120 288
91 312
91 312
90 124
90 124
120 141
120 141
190 229
190 229
166 200
166 200
129 305
129 305
128 340
128 340
128 340
128 340
128 340
128 340
128 340
128 340
104 305
104 305
104 305
104 305
104 305
104 305
104 305
104 305
104 305
104 305
104 305
104 305
104 305
104 305
104 305
104 305
128 198
134 288
133 169
133 169
133 169
117 377
94 314
94 314
94 314
94 314
127 169
127 169
114 188
138 181
116 256
81 110
81 110
97 182
97 182
90 202
90 202
62 180
62 180
163 204
163 204
144 311
127 282
96 185
96 185
102 171
133 192
133 192
118 147
118 147
118 147
118 147
150 319
150 319
