314
-1
-1
262 484
160 489
160 489
160 489
160 489
160 164
160 164
160 164
160 164
161 280
161 280
207 376
207 376
207 376
155 512
176 512
126 677
126 677
209 661
209 661
138 558
138 558
193 641
193 641
193 641
162 475
162 475
162 475
162 475
162 181
162 181
162 181
162 181
126 463
126 463
126 463
126 463
126 463
126 463
126 463
126 463
126 463
126 463
126 463
126 463
126 463
126 463
126 463
126 463
365 565
365 565
299 365
299 365
365 432
365 432
365 632
365 632
365 632
365 632
365 632
365 632
128 460
128 460
112 358
112 358
174 293
174 293
152 391
152 391
127 263
127 263
112 298
112 298
113 230
113 230
216 294
216 294
149 396
149 396
148 630
148 630
125 536
125 536
135 536
135 536
163 536
163 536
107 537
107 537
162 387
162 387
162 387
162 387
162 387
162 387
179 373
179 373
138 363
138 363
138 363
138 363
138 363
138 363
138 363
138 363
138 363
138 363
138 363
138 363
138 363
138 363
138 363
138 363
138 363
138 363
89 212
89 212
89 202
89 202
138 374
138 374
138 374
138 374
138 374
138 374
138 374
138 374
138 374
138 374
138 374
138 374
138 374
138 374
138 374
138 374
138 374
138 374
138 374
138 374
138 374
138 374
138 374
138 374
138 374
138 374
138 374
138 374
138 374
138 374
265 286
265 361
265 361
265 361
138 370
138 370
138 370
138 370
138 370
138 370
138 370
138 370
138 370
138 370
138 370
138 370
138 370
138 370
138 370
138 370
138 658
138 658
126 302
126 302
126 377
126 377
126 377
126 377
126 377
126 377
205 530
205 530
205 530
205 530
304 667
304 667
304 667
304 667
304 307
304 307
267 491
269 497
236 329
228 667
170 396
170 396
170 396
170 396
239 411
302 667
302 667
302 380
302 380
302 380
302 380
296 304
296 304
296 304
296 304
188 211
236 307
236 307
302 307
236 341
236 341
124 267
124 267
224 336
224 336
173 366
173 366
175 396
175 396
179 296
119 462
119 462
119 462
119 462
237 407
237 407
307 569
269 307
367 521
367 521
366 693
366 693
289 293
289 293
213 305
213 305
213 305
334 356
334 356
300 654
300 654
300 654
300 654
270 467
270 467
267 654
267 654
267 654
267 654
267 270
267 270
234 654
234 654
234 654
234 654
234 654
234 654
234 654
234 654
234 654
234 654
234 654
234 654
234 320
234 320
200 654
200 654
200 654
200 654
142 272
142 272
277 533
277 493
277 493
133 669
133 669
133 669
133 669
133 669
133 669
133 536
133 536
133 536
133 536
133 536
133 536
106 365
94 154
94 154
94 154
171 197
223 351
149 449
149 235
314 655
179 551
208 445
401 403
401 403
401 403
401 403
239 348
239 348
212 330
212 330
212 330
212 330
146 647
146 647
93 642
93 642
