343
-1
-1
364 654
364 654
300 354
300 354
385 627
186 664
186 664
278 280
278 280
278 664
278 664
278 664
278 664
179 257
179 257
179 257
179 257
312 674
312 674
312 674
312 674
278 674
278 674
345 430
345 430
296 651
296 651
263 345
263 345
196 651
196 651
345 664
345 664
345 664
345 664
179 287
179 287
225 505
225 505
225 505
225 505
225 505
225 505
225 505
225 505
372 627
372 627
369 652
369 652
369 652
369 652
328 652
328 652
278 364
278 364
278 654
278 654
281 507
250 713
250 713
248 310
248 310
248 310
248 310
221 713
221 713
216 713
216 713
214 277
214 277
212 727
212 727
626 732
626 732
626 732
626 732
626 732
626 732
247 677
274 392
274 347
127 392
109 502
109 502
207 495
104 133
235 330
235 330
235 330
235 330
302 677
136 677
136 335
136 335
169 396
169 396
167 196
164 202
149 642
149 642
135 362
135 362
100 196
172 238
195 521
195 521
183 373
183 373
183 340
183 340
183 340
183 340
183 340
183 340
225 282
225 282
253 353
253 353
240 642
233 325
242 613
108 282
255 389
255 355
255 347
242 589
280 680
245 555
233 442
253 386
222 659
224 708
271 444
271 420
246 320
266 284
154 567
374 614
277 336
240 664
234 633
219 627
198 354
303 648
161 669
195 352
195 352
195 352
195 352
162 318
162 318
120 328
229 587
229 587
96 587
96 587
135 237
184 587
232 452
149 338
149 338
149 338
149 338
154 312
154 312
154 312
154 312
144 579
144 579
144 369
144 369
166 409
166 409
166 409
166 409
166 409
166 409
166 409
166 409
166 409
162 665
162 665
199 367
199 367
199 367
199 367
199 367
199 367
199 367
199 367
200 302
200 302
100 229
204 631
103 452
103 452
99 362
99 362
89 369
89 369
85 371
85 371
85 371
85 371
153 187
153 187
153 187
153 187
153 187
153 184
153 184
137 810
170 170
111 474
111 474
94 474
94 474
119 524
119 524
209 317
180 424
180 424
180 424
180 424
180 424
180 424
180 424
180 424
81 144
213 652
86 652
148 335
148 335
148 335
148 335
148 335
148 335
126 237
126 237
126 237
197 410
117 441
117 441
115 570
115 570
91 377
116 409
116 409
137 559
137 559
137 559
137 559
137 559
137 559
215 244
215 244
183 417
183 417
183 417
183 417
104 327
104 327
152 629
152 629
152 629
151 629
151 629
151 629
151 629
151 366
151 366
151 366
151 366
151 366
151 366
115 426
115 426
111 462
111 462
111 427
111 427
92 399
92 399
114 334
114 334
197 401
109 451
109 451
109 451
109 451
109 451
109 451
108 451
108 451
108 451
108 451
108 451
108 451
106 451
106 451
125 188
125 188
111 188
182 371
182 371
182 371
182 371
182 371
182 371
158 273
158 273
271 465
271 465
235 271
235 271
191 271
191 271
230 516
230 516
230 516
230 516
205 531
205 531
205 531
205 531
205 531
205 531
205 531
205 531
155 386
249 328
249 328
249 328
249 328
249 328
155 253
155 253
155 356
155 356
155 356
155 356
229 617
229 617
