96
-1
-1
85 223
85 223
90 164
90 164
92 322
92 322
113 165
105 162
100 158
100 158
113 155
143 154
97 154
97 154
97 154
97 154
97 154
97 154
136 143
136 143
74 320
74 320
74 320
74 320
74 320
74 320
74 320
74 320
135 162
158 328
158 328
160 321
160 321
95 270
95 270
158 183
158 183
158 183
158 183
83 158
83 158
83 158
83 158
144 328
144 328
108 324
108 324
83 155
83 155
120 312
120 312
120 312
120 312
60 352
32 339
78 156
105 127
42 138
234 354
96 167
48 167
82 142
67 108
73 116
70 108
105 216
76 134
73 268
73 268
54 124
54 124
82 106
133 229
133 229
71 200
71 200
39 121
67 279
67 279
67 174
64 95
64 95
58 294
58 294
58 294
58 294
58 294
58 294
72 263
72 263
66 149
66 149
66 149
68 336
96 334
167 220
