73
-1
-1
208 756
208 756
651 775
651 775
651 775
651 775
651 775
651 775
233 744
261 389
282 341
134 415
101 482
101 482
201 519
114 120
244 314
244 314
244 314
244 314
284 617
130 697
141 355
141 355
177 369
177 369
183 199
177 204
154 585
154 585
122 372
122 372
93 191
162 234
196 475
196 475
165 391
165 391
190 306
190 306
190 306
190 306
190 306
190 306
238 301
238 301
275 381
275 381
254 654
253 293
251 662
103 287
233 404
280 338
270 381
218 594
302 646
267 571
249 486
275 413
237 653
246 736
250 479
255 449
229 329
284 303
160 578
388 675
279 339
254 618
216 621
225 633
207 337
