306
-1
-1
309 604
309 604
242 604
242 604
242 410
242 410
335 405
335 405
234 335
234 335
209 288
209 288
242 244
242 244
242 244
242 244
242 244
242 244
242 244
242 244
220 612
190 334
190 334
157 334
157 334
157 334
157 334
157 451
157 451
152 612
152 612
152 612
152 612
152 612
152 612
152 612
152 612
152 612
152 612
152 612
152 612
152 612
152 612
152 612
152 612
141 334
200 414
200 414
200 414
200 414
200 414
200 414
183 381
183 381
159 281
159 281
159 281
148 281
148 281
148 281
141 187
122 382
122 382
148 648
148 648
148 648
286 318
318 352
318 352
318 352
156 647
156 647
156 647
156 647
164 584
164 584
164 584
164 584
164 584
164 584
158 349
158 349
158 351
158 351
158 351
158 351
152 653
152 653
152 648
152 648
174 221
174 221
174 221
131 376
131 376
131 359
131 359
123 363
123 363
120 363
120 363
194 395
194 395
178 649
178 649
153 649
153 649
153 670
117 294
117 294
117 294
117 294
194 572
193 439
174 539
174 539
141 242
141 242
122 376
122 376
122 376
122 376
74 137
124 429
124 429
124 429
124 429
124 429
124 429
124 429
124 429
124 429
124 429
124 429
124 429
143 508
143 508
194 402
148 402
148 402
148 402
148 402
148 402
148 402
148 402
148 402
148 402
148 402
148 402
148 402
134 555
134 555
134 555
134 555
187 252
187 252
170 486
170 486
170 486
170 486
186 535
186 535
191 570
155 382
155 382
155 382
155 382
155 382
155 382
155 382
155 382
155 382
155 382
155 382
155 382
155 382
155 382
155 282
155 282
155 529
155 529
536 688
536 688
536 688
181 333
181 333
181 333
156 443
156 443
156 443
156 443
234 444
234 444
154 294
154 294
154 284
150 390
150 390
150 390
150 390
150 390
150 390
150 390
150 390
150 390
150 390
150 390
150 390
150 390
150 390
133 256
130 575
130 575
281 400
267 348
180 679
180 679
219 697
219 697
219 697
219 697
126 582
126 582
136 480
90 484
262 484
160 489
160 489
160 489
160 489
160 164
160 164
160 164
160 164
161 280
161 280
207 376
207 376
207 376
155 512
176 512
126 677
126 677
209 661
209 661
138 558
138 558
193 641
193 641
193 641
162 475
162 475
162 475
162 475
162 181
162 181
162 181
162 181
126 463
126 463
126 463
126 463
126 463
126 463
126 463
126 463
126 463
126 463
126 463
126 463
126 463
126 463
126 463
126 463
365 565
365 565
299 365
299 365
365 432
365 432
365 632
365 632
365 632
365 632
365 632
365 632
128 460
128 460
112 358
112 358
174 293
174 293
152 391
152 391
127 263
127 263
112 298
112 298
113 230
113 230
216 294
216 294
149 396
149 396
148 630
148 630
