301
-1
-1
112 180
129 196
129 196
52 97
61 174
61 174
77 174
77 174
85 182
59 154
91 297
118 167
112 241
100 251
132 333
105 216
73 177
73 177
73 177
73 177
73 177
73 177
41 207
62 193
72 255
72 255
63 202
63 202
46 245
46 245
59 228
59 228
74 203
74 203
74 203
98 159
110 145
96 242
96 242
96 242
96 242
74 127
125 280
78 120
78 120
113 254
85 172
85 172
85 172
76 95
76 95
76 95
99 91
99 91
99 303
99 303
109 196
81 338
81 338
72 90
72 90
146 240
95 198
102 231
102 231
114 125
49 212
109 349
67 298
67 298
67 298
67 298
140 179
140 179
140 179
85 360
85 360
85 360
85 360
85 360
85 360
85 360
85 360
85 360
85 360
65 191
65 191
65 191
65 191
65 191
65 191
65 191
65 191
65 191
65 191
174 222
135 354
98 190
98 190
98 190
98 190
98 190
98 190
66 207
66 207
66 207
118 337
109 236
109 236
100 209
100 209
100 209
100 209
100 209
100 209
100 209
100 209
100 209
100 209
113 132
113 132
235 298
235 298
186 346
186 346
177 356
177 356
64 134
64 134
153 331
153 331
166 330
241 341
241 341
188 304
188 304
166 191
166 191
149 336
150 352
150 352
150 352
150 352
150 352
150 352
150 352
150 352
150 352
150 352
150 352
150 352
117 159
117 159
69 119
69 119
153 329
153 329
153 329
153 329
153 329
153 329
153 329
153 329
124 313
124 313
124 313
124 313
157 366
157 366
207 354
207 354
64 61
64 61
64 61
64 61
64 61
64 61
64 61
64 61
190 343
190 343
127 336
127 336
137 303
137 303
137 303
137 303
127 310
127 310
127 310
127 310
147 310
147 310
224 337
224 337
224 337
224 337
224 337
224 337
173 357
173 357
173 309
173 309
173 309
173 309
130 148
130 148
128 323
128 323
176 353
176 353
176 353
176 353
144 356
144 356
141 168
141 168
121 120
121 120
197 327
197 327
197 327
197 327
149 168
149 168
123 175
123 175
123 175
123 175
80 133
80 133
168 299
168 299
130 333
130 333
130 333
130 333
130 333
130 333
218 349
218 349
225 356
225 356
88 107
88 107
226 232
226 232
226 232
226 232
226 232
226 232
226 232
226 232
183 198
183 198
183 198
183 198
183 198
183 198
152 202
152 202
152 202
152 202
152 202
152 202
152 202
152 202
152 202
152 202
152 202
152 202
152 202
152 202
152 202
152 202
152 202
152 202
152 202
152 202
152 202
152 202
152 202
152 202
152 202
152 202
152 202
152 202
152 202
152 202
152 202
152 202
152 202
152 202
92 99
92 99
94 106
94 106
180 195
180 195
180 195
180 195
