275
-1
-1
172 285
172 285
146 341
146 341
120 288
120 288
91 312
91 312
90 124
90 124
120 141
120 141
190 229
190 229
166 200
166 200
129 305
129 305
128 340
128 340
128 340
128 340
128 340
128 340
128 340
128 340
104 305
104 305
104 305
104 305
104 305
104 305
104 305
104 305
104 305
104 305
104 305
104 305
104 305
104 305
104 305
104 305
128 198
134 288
133 169
133 169
133 169
117 377
94 314
94 314
94 314
94 314
127 169
127 169
114 188
138 181
116 256
81 110
81 110
97 182
97 182
90 202
90 202
62 180
62 180
163 204
163 204
144 311
127 282
96 185
96 185
102 171
133 192
133 192
118 147
118 147
118 147
118 147
150 319
150 319
97 309
97 309
171 324
171 324
171 324
171 324
171 324
171 324
171 324
171 324
171 324
171 324
171 324
171 324
133 157
133 157
133 157
133 157
133 157
133 157
101 142
101 142
101 142
101 142
126 357
126 357
148 342
148 342
148 342
148 342
148 342
148 342
148 342
148 342
115 135
115 135
120 288
120 288
78 163
78 163
78 163
78 163
76 259
76 259
203 345
203 345
183 348
183 348
183 348
183 348
183 348
183 348
196 297
196 297
196 297
196 297
196 297
196 297
196 297
196 297
196 297
196 297
134 296
134 296
134 296
134 296
150 312
150 312
103 166
103 166
134 318
134 318
151 293
158 297
158 297
133 303
173 379
173 379
173 379
178 185
178 185
178 185
154 358
154 358
154 358
154 358
154 358
154 358
154 358
154 358
154 358
181 337
124 337
150 319
150 341
129 319
94 142
94 142
94 142
94 142
161 198
161 198
80 134
80 134
203 207
203 207
116 175
116 175
120 326
120 326
106 145
106 145
113 276
113 276
108 358
108 358
108 358
108 358
94 284
94 284
108 153
108 153
108 153
108 153
105 138
105 138
172 365
112 379
112 379
159 344
159 344
159 344
159 344
144 345
144 345
144 345
144 345
144 345
144 345
144 345
144 345
144 345
144 345
192 329
192 329
118 306
118 306
118 143
118 143
147 155
147 155
199 294
199 294
125 233
125 233
125 233
125 233
130 254
129 273
121 273
114 270
123 247
94 312
94 312
94 312
94 312
94 312
94 312
94 312
94 312
62 272
62 272
63 255
63 255
58 192
58 192
52 186
52 186
90 340
90 340
91 356
91 356
107 265
136 227
131 265
131 265
131 265
131 265
131 265
106 165
76 141
76 141
76 141
76 141
110 300
