378
-1
-1
77 209
77 209
74 273
74 273
125 243
111 167
111 167
96 142
96 142
96 142
96 142
96 142
96 142
89 298
89 298
89 280
89 280
89 280
89 280
65 91
65 91
65 91
102 263
44 257
104 325
104 325
104 325
104 325
104 325
104 325
105 148
105 148
105 148
105 148
41 104
93 180
93 180
104 129
104 129
97 142
97 142
74 233
74 233
74 233
79 152
79 152
79 152
79 152
79 152
79 152
96 122
96 122
96 122
64 232
64 232
61 240
61 240
83 277
83 277
83 277
83 277
83 277
83 277
83 277
83 277
92 285
92 285
114 359
91 217
91 217
114 167
121 152
121 152
121 152
121 152
104 128
132 215
61 143
61 143
61 143
61 143
64 178
64 178
64 178
64 178
64 208
64 208
64 193
64 193
63 217
63 217
161 225
161 225
161 225
161 225
64 163
64 163
97 154
97 154
72 148
72 148
86 270
86 270
111 242
111 242
58 135
58 135
58 135
58 135
58 135
58 135
55 215
55 215
83 227
83 227
52 220
52 220
48 194
48 194
103 206
103 206
103 206
74 132
74 132
105 152
105 152
63 134
63 134
60 263
60 263
53 264
53 264
45 91
99 100
60 244
60 244
74 229
74 229
74 229
74 229
64 213
64 213
49 254
49 254
68 159
87 281
44 96
79 177
79 177
79 177
79 177
79 177
79 177
75 79
75 79
62 192
62 192
113 142
60 250
60 250
68 221
68 221
70 295
70 295
70 295
70 295
70 295
70 295
83 311
83 311
87 292
87 292
87 292
87 292
109 107
109 107
51 136
51 136
75 142
75 142
75 142
45 195
45 195
45 195
45 195
56 206
56 206
58 264
58 264
58 264
58 264
71 188
71 188
71 188
71 188
71 188
71 188
56 102
207 307
83 162
83 162
83 162
83 162
123 125
40 130
122 289
47 279
101 334
101 334
101 334
101 334
83 329
83 329
83 329
105 224
105 224
105 224
69 119
69 119
53 107
40 198
40 198
85 174
85 174
60 247
60 247
72 142
70 193
61 187
61 187
68 205
68 205
68 205
68 205
131 310
132 223
132 223
132 223
75 318
75 318
86 142
86 142
83 154
122 177
122 177
72 245
72 245
72 245
72 245
71 142
71 142
67 75
67 75
91 88
97 158
97 158
136 348
136 348
136 348
136 348
92 122
92 122
198 300
198 300
64 217
75 270
75 270
46 226
46 226
75 248
75 248
58 265
58 265
78 195
78 195
70 328
70 328
70 328
70 328
70 328
70 328
75 315
75 315
78 214
78 214
90 190
90 190
71 180
71 180
71 180
71 180
71 180
71 180
71 180
71 180
71 180
71 180
71 180
71 180
71 180
71 180
71 180
71 180
71 180
71 180
77 184
77 184
77 184
77 184
77 184
77 184
77 184
77 184
77 184
77 184
77 184
69 124
69 124
85 133
85 133
81 118
81 118
81 118
81 118
53 182
53 182
66 170
93 157
88 155
88 155
88 155
88 155
76 298
93 352
93 352
101 337
101 337
92 209
88 199
88 199
91 193
48 60
100 211
135 174
135 174
127 166
127 166
127 166
127 166
75 173
75 173
93 180
79 180
79 180
86 319
86 319
76 187
76 187
76 187
76 187
79 130
79 130
79 130
79 130
88 197
88 197
89 189
89 189
105 280
90 146
90 146
104 138
104 138
104 138
65 352
65 352
65 352
65 352
