328
-1
-1
291 618
291 618
292 618
328 702
328 702
329 702
328 357
328 357
329 357
314 664
314 664
314 664
314 664
314 664
314 664
314 664
314 664
314 664
373 669
240 620
307 665
308 665
252 280
252 280
240 615
181 286
181 286
181 286
181 286
311 412
311 412
160 279
160 279
430 448
430 448
230 328
230 328
259 628
259 628
234 272
234 272
234 548
234 548
240 670
240 670
240 670
240 670
174 624
174 624
214 291
214 291
214 291
214 291
231 269
231 269
373 670
207 702
207 702
330 651
330 651
330 651
330 651
307 646
307 646
307 646
307 646
307 646
307 646
307 646
307 646
307 646
307 646
378 664
378 664
244 664
244 664
244 285
244 285
278 295
278 295
373 646
373 646
274 428
274 428
274 428
274 428
249 529
236 526
233 526
253 516
256 509
177 678
177 678
177 678
177 678
177 678
177 678
136 501
136 501
132 468
132 468
119 408
119 408
107 408
107 408
197 708
197 708
183 718
183 718
216 516
283 492
278 492
278 492
278 492
278 492
278 492
218 340
152 285
152 285
152 285
152 285
230 597
240 280
240 280
240 280
240 280
317 755
359 412
228 394
145 317
272 680
272 680
410 646
410 646
334 646
334 646
371 597
371 597
295 434
295 434
195 393
195 393
203 759
203 759
261 703
261 703
508 654
351 671
371 643
371 643
371 643
371 643
304 573
304 573
304 573
275 458
275 458
233 357
131 670
207 585
404 652
251 395
232 413
199 705
199 705
199 705
634 658
368 653
124 382
124 382
124 382
124 382
124 382
124 382
124 315
124 315
378 654
378 654
174 496
142 448
142 448
402 700
402 700
273 646
102 169
211 261
411 432
119 260
119 260
256 680
304 304
304 304
250 252
260 688
200 558
200 558
230 416
230 416
230 250
347 644
206 424
107 413
107 413
102 403
102 403
169 169
169 169
169 169
169 169
169 169
169 169
116 511
116 511
104 490
104 490
248 850
119 530
119 530
114 483
114 483
240 358
245 303
245 303
245 303
245 303
245 303
245 303
255 421
255 391
237 595
237 625
380 624
380 624
155 679
155 679
187 679
187 679
164 376
164 376
164 376
164 376
164 376
164 376
164 310
164 310
164 310
164 310
175 720
87 720
194 578
194 578
194 578
194 578
112 527
112 527
112 527
112 527
112 527
112 527
112 527
112 527
112 527
112 527
172 440
172 440
230 249
186 505
123 242
154 305
174 470
185 574
185 574
185 574
187 566
187 566
131 553
131 553
101 364
101 364
101 364
112 454
112 454
114 450
114 450
113 419
113 419
277 379
177 349
147 334
147 334
147 334
147 334
147 334
147 334
147 334
147 334
131 148
131 148
123 148
133 330
133 330
133 330
133 330
187 389
187 389
104 191
153 437
153 437
176 379
176 379
176 379
176 379
180 334
180 334
180 334
180 334
155 644
155 644
103 373
103 373
155 360
155 360
155 360
155 360
155 360
155 360
155 360
155 360
