469
-1
-1
150 262
150 262
150 262
134 309
134 309
134 309
139 203
128 416
128 416
152 660
152 660
152 660
294 343
299 366
299 366
299 366
168 666
168 666
168 666
168 666
167 595
167 595
167 595
167 595
167 595
167 595
152 346
152 346
146 372
146 372
146 372
146 372
146 659
146 659
158 680
158 680
169 202
169 202
169 202
144 409
144 409
133 342
133 342
135 356
135 356
118 353
118 353
213 398
213 398
166 655
166 655
152 617
152 617
168 617
126 271
126 271
126 271
126 271
205 629
204 469
180 513
180 513
127 261
127 261
120 350
120 350
120 350
120 350
81 142
120 399
120 399
120 399
120 399
120 399
120 399
120 399
120 399
120 399
120 399
120 399
120 399
148 498
148 498
191 442
159 366
159 366
159 366
159 366
159 366
159 366
159 366
159 366
159 366
159 366
159 366
159 366
121 588
121 588
121 588
121 588
201 262
201 262
176 505
176 505
176 505
176 505
189 572
189 572
190 565
156 416
156 416
156 416
156 416
156 416
156 416
156 416
156 416
156 416
156 416
156 416
156 416
156 416
156 416
162 280
162 280
170 492
170 492
578 640
578 640
578 640
163 336
163 336
163 336
162 478
162 478
162 478
162 478
255 409
255 409
160 317
160 317
155 292
156 401
156 401
156 401
156 401
156 401
156 401
156 401
156 401
156 401
156 401
156 401
156 401
156 401
156 401
139 233
133 564
133 564
262 392
280 345
164 733
164 733
202 703
202 703
202 703
202 703
131 587
131 587
137 518
91 498
264 446
152 513
152 513
152 513
152 513
144 151
144 151
144 151
144 151
160 282
160 282
219 379
219 379
219 379
161 507
181 542
120 650
120 650
215 713
215 713
133 602
133 602
204 577
204 577
204 577
154 494
154 494
154 494
154 494
173 184
173 184
173 184
173 184
115 417
115 417
115 417
115 417
115 417
115 417
115 417
115 417
115 417
115 417
115 417
115 417
115 417
115 417
115 417
115 417
394 570
394 570
288 344
288 344
347 470
347 470
351 588
351 588
351 588
351 588
351 588
351 588
134 487
134 487
113 330
113 330
164 270
164 270
153 356
153 356
125 240
125 240
101 278
101 278
124 217
124 217
228 265
228 265
157 373
157 373
153 618
153 618
115 494
115 494
148 541
148 541
174 589
174 589
111 542
111 542
159 376
159 376
159 376
159 376
159 376
159 376
172 362
172 362
137 360
137 360
137 360
137 360
137 360
137 360
137 360
137 360
137 360
137 360
137 360
137 360
137 360
137 360
137 360
137 360
137 360
137 360
89 226
89 226
81 204
81 204
144 345
144 345
144 345
144 345
144 345
144 345
144 345
144 345
144 345
144 345
144 345
144 345
144 345
144 345
144 345
144 345
144 345
144 345
144 345
144 345
144 345
144 345
144 345
144 345
144 345
144 345
144 345
144 345
144 345
144 345
258 266
260 379
260 379
260 379
132 345
132 345
132 345
132 345
132 345
132 345
132 345
132 345
132 345
132 345
132 345
132 345
132 345
132 345
132 345
132 345
142 652
142 652
128 290
128 290
136 384
136 384
136 384
136 384
136 384
136 384
207 551
207 551
207 551
207 551
301 614
301 614
301 614
301 614
289 289
289 289
277 520
295 453
259 310
246 733
153 435
153 435
153 435
153 435
223 395
332 720
332 720
278 358
278 358
278 358
278 358
304 286
304 286
304 286
304 286
179 193
245 325
245 325
299 298
257 371
257 371
126 257
126 257
237 342
237 342
188 341
188 341
163 385
163 385
169 316
129 466
129 466
129 466
129 466
239 415
239 415
334 518
256 334
370 567
370 567
345 687
345 687
263 313
263 313
199 299
199 299
199 299
340 391
340 391
330 706
330 706
330 706
330 706
283 449
283 449
254 622
254 622
254 622
254 622
280 294
280 294
227 609
227 609
227 609
227 609
227 609
227 609
227 609
227 609
227 609
227 609
227 609
227 609
252 304
252 304
206 609
206 609
206 609
206 609
128 267
128 267
290 543
285 512
285 512
146 623
146 623
146 623
146 623
146 623
146 623
140 531
140 531
140 531
140 531
140 531
140 531
98 351
87 161
87 161
87 161
186 208
215 386
151 480
135 231
311 636
