439
-1
-1
155 292
156 401
156 401
156 401
156 401
156 401
156 401
156 401
156 401
156 401
156 401
156 401
156 401
156 401
156 401
139 233
133 564
133 564
262 392
280 345
164 733
164 733
202 703
202 703
202 703
202 703
131 587
131 587
137 518
91 498
264 446
152 513
152 513
152 513
152 513
144 151
144 151
144 151
144 151
160 282
160 282
219 379
219 379
219 379
161 507
181 542
120 650
120 650
215 713
215 713
133 602
133 602
204 577
204 577
204 577
154 494
154 494
154 494
154 494
173 184
173 184
173 184
173 184
115 417
115 417
115 417
115 417
115 417
115 417
115 417
115 417
115 417
115 417
115 417
115 417
115 417
115 417
115 417
115 417
394 570
394 570
288 344
288 344
347 470
347 470
351 588
351 588
351 588
351 588
351 588
351 588
134 487
134 487
113 330
113 330
164 270
164 270
153 356
153 356
125 240
125 240
101 278
101 278
124 217
124 217
228 265
228 265
157 373
157 373
153 618
153 618
115 494
115 494
148 541
148 541
174 589
174 589
111 542
111 542
159 376
159 376
159 376
159 376
159 376
159 376
172 362
172 362
137 360
137 360
137 360
137 360
137 360
137 360
137 360
137 360
137 360
137 360
137 360
137 360
137 360
137 360
137 360
137 360
137 360
137 360
89 226
89 226
81 204
81 204
144 345
144 345
144 345
144 345
144 345
144 345
144 345
144 345
144 345
144 345
144 345
144 345
144 345
144 345
144 345
144 345
144 345
144 345
144 345
144 345
144 345
144 345
144 345
144 345
144 345
144 345
144 345
144 345
144 345
144 345
258 266
260 379
260 379
260 379
132 345
132 345
132 345
132 345
132 345
132 345
132 345
132 345
132 345
132 345
132 345
132 345
132 345
132 345
132 345
132 345
142 652
142 652
128 290
128 290
136 384
136 384
136 384
136 384
136 384
136 384
207 551
207 551
207 551
207 551
301 614
301 614
301 614
301 614
289 289
289 289
277 520
295 453
259 310
246 733
153 435
153 435
153 435
153 435
223 395
332 720
332 720
278 358
278 358
278 358
278 358
304 286
304 286
304 286
304 286
179 193
245 325
245 325
299 298
257 371
257 371
126 257
126 257
237 342
237 342
188 341
188 341
163 385
163 385
169 316
129 466
129 466
129 466
129 466
239 415
239 415
334 518
256 334
370 567
370 567
345 687
345 687
263 313
263 313
199 299
199 299
199 299
340 391
340 391
330 706
330 706
330 706
330 706
283 449
283 449
254 622
254 622
254 622
254 622
280 294
280 294
227 609
227 609
227 609
227 609
227 609
227 609
227 609
227 609
227 609
227 609
227 609
227 609
252 304
252 304
206 609
206 609
206 609
206 609
128 267
128 267
290 543
285 512
285 512
146 623
146 623
146 623
146 623
146 623
146 623
140 531
140 531
140 531
140 531
140 531
140 531
98 351
87 161
87 161
87 161
186 208
215 386
151 480
135 231
311 636
176 535
210 467
405 419
405 419
405 419
405 419
243 365
243 365
208 359
208 359
208 359
208 359
132 679
132 679
84 610
84 610
80 142
224 346
224 346
171 359
171 359
171 359
171 359
154 647
154 647
154 647
154 647
154 647
154 647
154 647
154 647
200 630
200 630
200 630
200 630
175 669
175 669
150 587
150 587
126 623
126 623
132 299
132 299
291 667
178 460
399 507
399 507
96 291
96 291
96 291
96 291
96 291
182 672
182 672
182 672
182 672
177 403
177 403
177 403
135 330
182 306
173 220
80 390
209 644
209 644
209 644
209 644
200 216
200 216
200 216
200 216
223 228
86 474
86 474
86 474
86 474
87 395
87 395
144 374
144 374
269 616
170 396
170 396
170 396
149 667
149 667
125 507
125 507
148 264
244 599
81 625
184 602
184 602
163 346
163 346
114 309
114 309
114 309
114 309
114 309
114 309
114 309
114 309
114 309
114 309
165 176
131 560
131 560
108 454
108 454
232 542
