118
-1
-1
90 268
90 268
93 94
93 94
85 272
85 272
93 100
93 100
82 93
82 93
82 93
82 93
82 93
82 93
82 93
82 93
87 89
87 89
89 252
89 252
98 257
98 257
98 257
98 257
85 89
85 89
85 89
85 89
85 89
85 89
93 287
93 287
90 308
90 308
95 310
95 310
90 261
90 261
81 306
81 306
78 352
78 352
85 311
85 311
87 370
87 370
87 370
87 370
87 370
87 370
79 313
79 313
79 313
79 313
87 323
87 323
80 324
80 324
71 221
71 221
67 235
67 235
85 307
85 307
82 289
82 289
90 122
51 143
51 143
101 120
89 124
89 124
89 124
124 159
74 151
74 151
74 151
74 151
74 151
139 177
84 215
51 160
51 160
51 160
55 171
55 171
56 121
56 121
56 121
55 162
55 162
55 162
50 154
50 154
50 154
211 335
211 335
151 353
213 314
213 314
213 314
162 312
213 311
213 311
100 131
100 131
117 263
117 263
80 289
80 289
178 324
80 223
80 223
80 223
80 223
172 256
158 183
142 305
