140
-1
-1
76 264
76 264
81 259
81 259
73 137
73 137
73 137
73 137
73 137
73 137
63 215
63 215
65 185
65 185
66 179
66 179
69 193
69 193
92 236
92 236
95 184
95 184
95 184
95 184
103 335
83 181
83 181
75 167
75 167
81 301
81 301
81 301
81 301
81 301
81 301
103 164
103 164
87 193
87 193
87 193
87 193
87 193
87 193
88 184
88 184
88 184
88 184
100 209
100 209
100 209
100 209
82 207
82 207
72 289
72 289
125 249
101 173
101 173
95 171
95 171
95 171
95 171
95 171
95 171
80 337
80 337
93 277
93 277
93 277
93 277
66 93
66 93
66 93
120 304
44 274
98 388
98 388
98 388
98 388
98 388
98 388
103 155
103 155
103 155
103 155
42 89
108 173
108 173
99 108
99 108
98 164
98 164
79 233
79 233
79 233
80 155
80 155
80 155
80 155
80 155
80 155
113 120
113 120
113 120
61 198
61 198
63 215
63 215
81 282
81 282
81 282
81 282
81 282
81 282
81 282
81 282
89 250
89 250
116 359
107 240
107 240
120 176
121 149
121 149
121 149
121 149
114 143
132 199
58 126
58 126
58 126
58 126
65 188
65 188
65 188
65 188
66 208
66 208
73 199
73 199
