91
-1
-1
91 173
91 173
91 173
85 171
85 171
85 171
85 171
85 171
85 171
119 134
119 134
133 181
133 181
129 293
125 163
117 309
50 148
119 187
126 160
122 183
130 283
131 367
118 282
118 208
120 194
108 313
109 319
139 224
126 212
134 164
135 133
70 294
182 310
133 160
119 348
110 328
108 319
104 170
148 343
79 324
94 179
94 179
94 179
94 179
75 168
75 168
59 165
104 285
104 285
49 285
49 285
63 117
100 291
125 239
72 175
72 175
72 175
72 175
75 144
75 144
75 144
75 144
76 266
76 266
70 191
70 191
91 222
91 222
91 222
91 222
91 222
91 222
91 222
91 222
91 222
86 316
86 316
97 197
97 197
97 197
97 197
97 197
97 197
97 197
97 197
99 157
99 157
52 111
107 340
50 232
50 232
