232
-1
-1
265 688
265 688
283 671
283 671
283 671
283 671
283 671
283 671
283 671
283 671
234 239
234 239
252 625
252 625
139 286
139 286
139 286
139 286
143 485
143 485
419 704
419 704
388 626
388 626
388 626
388 626
388 626
388 626
388 679
388 679
388 679
388 679
388 679
388 679
388 679
388 679
388 679
388 679
299 592
299 592
299 592
299 592
281 605
281 605
196 293
196 293
314 681
314 681
306 694
283 581
283 581
294 636
312 632
312 632
361 765
296 329
296 329
352 364
339 697
339 697
339 697
339 697
339 697
339 697
339 697
339 697
339 697
347 689
233 657
280 626
296 724
264 288
264 288
244 579
174 291
174 291
174 291
174 291
308 416
308 416
164 287
164 287
473 479
473 479
224 334
224 334
282 640
282 640
220 264
220 264
232 580
232 580
236 723
236 723
236 723
236 723
191 606
191 606
197 308
197 308
197 308
197 308
227 287
227 287
370 716
201 758
201 758
346 703
346 703
346 703
346 703
328 697
328 697
328 697
328 697
328 697
328 697
328 697
328 697
328 697
328 697
408 651
408 651
268 645
268 645
258 304
258 304
267 272
267 272
362 614
362 614
250 399
250 399
250 399
250 399
230 555
215 531
237 479
278 567
281 484
169 698
169 698
169 698
169 698
169 698
169 698
146 496
146 496
134 500
134 500
116 400
116 400
117 396
117 396
198 715
198 715
182 753
182 753
201 475
258 506
300 496
300 496
300 496
300 496
300 496
224 327
162 290
162 290
162 290
162 290
234 656
228 302
228 302
228 302
228 302
305 785
345 440
210 375
132 298
259 734
259 734
446 684
446 684
337 710
337 710
368 650
368 650
290 438
290 438
196 374
196 374
211 752
211 752
284 682
284 682
488 596
334 697
334 668
334 668
334 668
334 668
292 528
292 528
292 528
297 426
297 426
210 389
128 723
209 625
432 717
226 402
241 417
188 691
188 691
188 691
571 697
390 705
112 412
112 412
112 412
112 412
112 412
112 412
135 306
135 306
412 622
412 622
166 530
146 479
146 479
382 721
382 721
