347
-1
-1
210 306
210 306
210 306
210 306
84 202
219 385
219 385
211 222
211 222
207 302
207 302
138 402
138 402
138 402
145 299
145 299
145 299
145 299
145 299
145 299
194 241
194 241
194 241
135 388
135 388
135 451
135 451
165 576
165 576
165 576
165 576
165 576
165 576
165 576
165 576
157 566
157 566
174 592
174 592
246 732
214 399
214 399
222 349
210 335
210 335
210 335
210 335
248 256
275 438
119 250
119 250
119 250
119 250
137 398
137 398
137 398
137 398
140 409
140 409
124 354
124 354
122 454
122 454
334 426
334 426
334 426
334 426
120 319
120 319
181 332
181 332
172 297
172 297
167 582
167 582
211 485
211 485
126 237
126 237
126 237
126 237
126 237
126 237
98 373
98 373
190 443
190 443
93 440
93 440
105 384
105 384
175 402
175 402
175 402
144 276
144 276
199 370
199 370
139 308
139 308
114 547
114 547
108 544
108 544
91 170
164 181
123 509
123 509
154 435
154 435
154 435
154 435
127 471
127 471
96 444
96 444
135 331
159 595
92 168
134 419
134 419
134 419
134 419
134 419
134 419
145 159
145 159
141 379
141 379
241 265
112 483
112 483
127 447
127 447
127 565
127 565
182 563
182 563
175 626
175 626
173 656
173 656
188 222
188 222
92 261
92 261
144 262
91 390
91 390
91 390
91 390
118 416
118 416
126 528
126 528
126 528
126 528
141 332
141 332
141 332
141 332
141 332
141 332
109 233
347 632
163 345
163 345
163 345
163 345
235 221
93 276
223 542
79 490
188 689
188 689
188 689
188 689
156 685
156 685
156 685
232 463
232 463
232 463
144 260
144 260
104 232
76 372
76 372
156 408
156 408
118 522
118 522
177 295
154 381
128 436
128 436
149 391
149 391
149 391
149 391
240 647
243 517
243 517
243 517
153 707
153 707
173 290
173 290
160 260
225 352
225 352
142 530
142 530
142 530
142 530
147 318
147 318
125 164
125 164
184 182
193 272
193 272
274 653
274 653
274 653
274 653
174 227
174 227
389 541
389 541
127 627
127 627
127 627
127 627
130 456
143 603
143 603
92 463
92 463
174 500
174 500
127 495
127 495
163 434
163 434
143 616
143 616
143 616
143 616
143 616
143 616
143 574
143 574
144 397
144 397
174 418
174 418
160 372
160 372
160 372
160 372
138 381
138 381
138 381
138 381
138 381
160 253
160 253
180 254
180 254
145 240
145 240
145 240
145 240
111 429
111 429
126 382
173 347
169 307
169 307
169 307
169 307
163 650
190 653
190 653
200 683
200 683
173 415
183 353
183 353
209 395
104 135
190 398
268 329
268 329
253 318
253 318
138 337
138 337
199 363
139 385
139 385
168 547
168 547
173 378
173 378
173 378
173 378
165 248
165 248
195 341
195 341
183 343
183 343
215 516
152 275
152 275
214 292
214 292
214 292
138 691
138 691
138 691
138 691
128 407
128 407
197 371
197 371
122 432
122 432
122 432
122 432
231 324
165 345
165 345
147 532
147 532
147 532
147 532
127 331
127 331
127 331
127 331
118 286
118 286
118 286
118 286
