118
-1
-1
128 362
128 362
152 368
152 368
101 307
101 307
101 307
101 307
101 307
107 288
107 288
107 288
107 288
86 166
86 166
206 330
206 330
159 223
159 223
120 160
120 160
125 363
125 363
256 376
256 376
256 376
155 311
155 311
159 183
159 183
170 346
170 346
135 162
135 162
175 292
98 345
98 345
145 145
145 145
150 341
150 341
150 341
150 341
96 121
96 121
96 121
96 121
144 367
144 367
144 367
144 367
147 353
147 353
160 194
160 194
159 299
159 299
124 167
124 167
93 338
93 338
159 306
159 306
159 306
159 306
90 157
90 157
107 277
107 277
107 277
107 277
107 277
107 277
107 277
107 277
187 292
187 292
178 323
178 323
133 192
133 192
135 301
135 301
138 278
128 335
128 335
130 140
130 140
130 140
130 140
116 346
116 346
106 353
106 353
103 140
103 140
97 377
97 377
322 345
322 345
322 345
322 345
322 345
322 345
125 311
129 185
149 161
67 207
57 266
57 266
101 266
52 67
107 151
107 151
107 151
107 151
150 368
63 361
