237
-1
-1
92 322
92 322
113 165
105 162
100 158
100 158
113 155
143 154
97 154
97 154
97 154
97 154
97 154
97 154
136 143
136 143
74 320
74 320
74 320
74 320
74 320
74 320
74 320
74 320
135 162
158 328
158 328
160 321
160 321
95 270
95 270
158 183
158 183
158 183
158 183
83 158
83 158
83 158
83 158
144 328
144 328
108 324
108 324
83 155
83 155
120 312
120 312
120 312
120 312
60 352
32 339
78 156
105 127
42 138
234 354
96 167
48 167
82 142
67 108
73 116
70 108
105 216
76 134
73 268
73 268
54 124
54 124
82 106
133 229
133 229
71 200
71 200
39 121
67 279
67 279
67 174
64 95
64 95
58 294
58 294
58 294
58 294
58 294
58 294
72 263
72 263
66 149
66 149
66 149
68 336
96 334
167 220
134 357
69 268
80 336
69 89
100 186
187 336
152 329
152 329
152 329
152 329
152 329
152 329
152 168
152 168
136 168
136 168
136 168
136 168
169 327
169 327
169 327
169 327
169 327
169 327
169 327
136 155
136 155
136 155
136 155
152 333
152 333
152 333
152 333
152 333
152 333
120 328
120 328
120 328
214 323
214 323
214 323
168 187
168 187
187 334
187 334
187 334
187 334
187 334
187 334
187 334
187 334
120 334
120 334
103 145
103 145
103 145
103 145
103 145
103 145
137 334
137 334
137 334
137 334
158 333
158 333
158 335
158 335
140 307
118 164
118 164
70 118
70 118
190 323
208 335
191 329
191 329
187 329
187 329
220 329
220 329
146 329
146 329
146 329
158 318
158 318
153 312
153 312
151 301
151 301
220 312
220 312
112 120
112 120
135 329
135 329
135 329
135 329
185 324
185 324
185 324
185 324
135 324
135 324
135 324
135 324
135 324
135 324
135 137
135 137
160 324
160 324
160 324
160 324
160 324
160 324
134 190
134 190
124 158
124 158
124 158
124 158
124 158
124 158
124 158
124 158
167 353
167 353
96 355
96 355
125 308
125 308
210 303
210 303
144 307
144 307
143 308
143 308
141 185
141 185
167 317
167 317
147 170
147 170
119 156
119 156
