234
-1
-1
219 675
387 673
387 673
152 625
152 625
184 726
184 726
155 369
155 369
155 369
155 369
155 369
155 369
148 313
148 313
148 313
148 313
178 706
89 692
205 521
205 521
205 521
205 521
111 537
111 537
111 537
111 537
111 537
111 537
111 537
111 537
111 537
111 537
159 448
159 448
210 242
195 520
134 218
145 335
159 479
174 563
174 563
174 563
184 561
184 561
134 504
134 504
98 367
98 367
98 367
104 458
104 458
112 432
112 432
114 399
114 399
301 401
165 352
154 308
154 308
154 308
154 308
154 308
154 308
154 308
154 308
138 138
138 138
112 161
127 304
127 304
127 304
127 304
205 370
205 370
109 190
159 429
159 429
173 394
173 394
173 394
173 394
170 318
170 318
170 318
170 318
159 663
159 663
99 359
99 359
146 392
146 392
146 392
146 392
146 392
146 392
146 392
146 392
162 279
162 279
251 376
251 376
251 376
251 376
251 376
193 191
233 396
183 358
183 358
197 238
197 238
197 238
197 238
197 238
197 238
168 220
168 220
168 220
168 220
152 215
350 535
346 548
290 309
290 309
290 309
290 309
290 309
124 505
124 505
199 555
199 555
199 555
199 555
148 550
148 550
179 566
179 566
179 566
179 566
141 481
141 481
155 478
155 478
192 338
192 338
201 657
201 657
248 336
214 312
214 342
214 342
215 302
261 336
183 324
183 324
183 324
183 324
183 324
183 324
277 281
277 281
137 590
137 590
137 590
137 590
137 590
137 590
137 590
137 590
298 299
347 612
347 612
330 610
330 610
179 525
179 525
322 369
322 369
322 369
322 369
150 322
150 322
150 322
150 322
271 637
271 637
218 686
218 686
177 337
177 337
248 675
248 675
248 675
248 675
110 663
65 725
171 306
212 277
92 281
422 716
176 315
93 319
174 303
126 207
140 212
145 204
231 424
162 282
133 542
133 542
118 261
118 261
164 204
259 441
259 441
141 368
141 368
82 229
139 569
139 569
140 324
119 197
119 197
127 572
127 572
127 572
127 572
127 572
127 572
135 512
135 512
127 290
127 290
127 290
