190
-1
-1
292 352
292 336
292 336
292 336
142 352
142 352
139 335
139 335
94 326
94 326
94 326
94 326
94 326
116 267
116 267
116 267
116 267
82 180
82 180
193 327
193 327
150 247
150 247
113 150
113 150
114 340
114 340
242 342
242 342
242 342
172 308
172 308
156 170
156 170
182 327
182 327
150 177
150 177
192 313
93 332
93 332
139 140
139 140
139 332
139 332
139 332
139 332
89 128
89 128
89 128
89 128
156 337
156 337
156 337
156 337
139 337
139 337
172 215
172 215
148 325
148 325
131 172
131 172
98 325
98 325
172 332
172 332
172 332
172 332
89 143
89 143
112 252
112 252
112 252
112 252
112 252
112 252
112 252
112 252
186 313
186 313
164 326
164 326
139 182
139 182
139 327
139 327
140 253
125 356
125 356
124 155
124 155
124 155
124 155
110 356
110 356
108 356
108 356
107 138
107 138
106 363
106 363
313 366
313 366
313 366
313 366
313 366
313 366
123 338
137 196
137 173
63 196
54 251
54 251
103 247
52 66
117 165
117 165
117 165
117 165
151 338
68 338
68 167
68 167
84 198
84 198
83 98
82 101
74 321
74 321
67 181
67 181
50 98
86 119
97 260
97 260
91 186
91 186
91 186
91 170
91 170
91 170
91 170
91 170
91 170
112 141
112 141
126 176
126 176
120 321
116 162
121 306
54 141
127 194
127 177
127 173
121 294
140 340
122 277
116 221
126 193
111 329
112 354
135 222
135 210
123 160
133 142
77 283
187 307
138 168
120 332
117 316
109 313
99 177
151 324
80 334
97 176
97 176
97 176
97 176
81 159
81 159
60 164
114 293
114 293
48 293
48 293
67 118
92 293
116 226
