230
-1
-1
105 394
105 394
132 351
183 322
168 313
168 313
168 313
168 313
160 602
191 666
191 666
191 621
191 621
188 396
188 367
188 367
194 384
96 130
206 410
246 339
246 339
239 349
239 349
151 374
151 374
196 382
151 382
151 382
173 581
173 581
159 389
159 389
159 389
159 389
159 272
159 272
190 370
190 370
190 368
190 368
196 511
166 277
166 277
210 268
210 268
210 268
127 646
127 646
127 646
127 646
142 374
142 374
186 382
186 382
117 397
117 397
117 397
117 397
212 355
179 314
179 314
143 527
143 527
143 527
143 527
125 355
125 355
125 355
125 355
125 288
125 288
125 288
125 288
79 188
79 188
145 274
145 274
88 346
158 572
158 572
222 600
162 464
247 564
239 357
272 354
272 354
104 377
104 377
171 218
170 219
134 281
197 348
197 348
261 526
261 526
261 526
261 526
261 526
261 526
261 526
261 526
261 526
261 526
281 297
571 713
571 713
571 713
571 713
571 705
571 705
571 705
571 705
585 705
585 672
585 672
585 672
285 705
285 705
278 670
278 670
189 652
189 652
189 652
189 652
189 652
233 535
233 535
233 535
233 535
165 360
165 360
386 654
386 654
300 495
300 495
227 300
227 300
228 681
228 681
484 684
484 684
484 684
345 617
345 617
312 340
312 340
364 654
364 654
300 354
300 354
385 627
186 664
186 664
278 280
278 280
278 664
278 664
278 664
278 664
179 257
179 257
179 257
179 257
312 674
312 674
312 674
312 674
278 674
278 674
345 430
345 430
296 651
296 651
263 345
263 345
196 651
196 651
345 664
345 664
345 664
345 664
179 287
179 287
225 505
225 505
225 505
225 505
225 505
225 505
225 505
225 505
372 627
372 627
369 652
369 652
369 652
369 652
328 652
328 652
278 364
278 364
278 654
278 654
281 507
250 713
250 713
248 310
248 310
248 310
248 310
221 713
221 713
216 713
216 713
214 277
214 277
212 727
212 727
626 732
626 732
626 732
626 732
626 732
626 732
247 677
274 392
274 347
127 392
109 502
109 502
