355
-1
-1
86 361
86 361
220 452
177 556
177 556
135 478
135 478
135 478
135 478
212 288
212 288
94 252
94 252
71 143
71 143
169 438
169 438
122 479
122 479
104 273
104 273
175 372
175 372
175 372
175 372
204 599
154 565
154 565
154 565
154 565
144 454
144 454
144 454
144 454
209 294
209 294
209 294
150 153
165 370
165 370
165 370
158 331
158 331
158 331
157 259
137 240
187 529
146 187
146 187
243 330
243 330
243 330
243 330
236 356
236 356
236 356
236 356
232 252
232 252
232 252
232 252
177 664
177 664
136 451
136 451
136 451
136 451
139 405
139 405
139 405
139 405
181 401
181 401
181 401
181 401
181 401
181 401
162 432
162 432
162 432
162 432
162 432
162 432
185 329
185 329
143 628
143 628
202 382
202 382
202 382
202 382
202 382
202 382
154 337
154 337
154 337
186 296
216 646
80 640
132 503
132 503
132 503
132 503
132 503
132 503
77 392
177 294
124 248
124 248
203 595
203 595
144 556
144 556
176 579
176 579
251 449
358 610
204 608
186 205
186 205
358 553
183 420
274 486
209 488
209 488
214 498
214 498
233 406
233 406
144 273
101 151
165 470
165 470
165 470
165 470
276 536
277 579
304 425
246 605
246 605
154 772
154 772
232 328
232 328
232 328
300 679
265 582
212 613
212 613
266 574
266 574
201 622
178 652
403 611
344 625
344 625
266 315
266 315
305 605
305 605
270 376
270 723
217 250
217 250
291 626
291 626
291 626
291 626
291 626
291 626
301 608
301 608
343 607
343 607
343 607
343 607
317 717
317 717
311 608
311 608
164 663
164 663
326 672
313 711
262 560
262 560
270 671
270 671
304 698
304 698
304 698
304 698
376 477
376 477
226 705
226 705
295 711
295 711
295 711
203 391
203 391
270 374
270 374
294 696
237 367
237 367
227 345
227 345
227 345
227 345
227 345
227 345
288 498
288 498
288 498
288 498
282 356
282 356
282 356
282 356
282 356
282 356
394 409
394 409
139 310
139 310
139 310
139 310
139 310
139 310
139 310
139 310
139 310
139 310
139 310
139 310
139 310
139 310
139 310
139 310
334 678
334 678
203 307
203 307
155 558
155 558
434 492
434 492
473 449
473 449
232 426
232 426
340 602
340 602
324 651
324 651
324 651
177 223
177 223
321 620
321 620
280 671
280 671
300 677
300 677
289 631
289 631
333 749
333 749
293 713
293 713
199 277
199 277
255 638
255 638
328 611
328 611
294 380
294 380
356 613
282 610
120 594
120 594
122 161
122 161
122 161
127 267
180 358
115 258
176 599
139 367
150 359
150 359
130 425
130 425
160 347
160 347
160 347
160 347
160 347
160 347
191 526
191 526
191 526
191 526
191 526
191 526
149 557
149 557
115 354
115 354
155 519
155 519
145 488
145 488
156 162
156 162
187 608
187 608
187 608
187 608
131 828
131 828
131 828
131 828
147 553
147 553
173 499
173 499
173 499
173 499
238 389
238 389
121 598
121 598
121 598
121 598
115 608
115 608
115 608
115 608
115 608
115 608
135 568
135 568
297 440
120 519
120 519
128 533
128 533
125 449
125 449
96 393
96 393
255 432
