326
-1
-1
160 347
160 347
160 347
160 347
160 347
160 347
191 526
191 526
191 526
191 526
191 526
191 526
149 557
149 557
115 354
115 354
155 519
155 519
145 488
145 488
156 162
156 162
187 608
187 608
187 608
187 608
131 828
131 828
131 828
131 828
147 553
147 553
173 499
173 499
173 499
173 499
238 389
238 389
121 598
121 598
121 598
121 598
115 608
115 608
115 608
115 608
115 608
115 608
135 568
135 568
297 440
120 519
120 519
128 533
128 533
125 449
125 449
96 393
96 393
255 432
131 603
131 603
147 529
147 529
150 577
150 577
150 577
150 577
167 578
167 578
115 502
115 502
115 502
115 502
114 567
114 567
114 567
114 567
148 609
148 609
169 693
169 693
167 515
167 515
172 661
172 661
177 694
177 694
153 570
153 570
171 171
171 171
171 171
171 171
163 532
163 532
151 520
151 520
170 204
170 204
178 622
178 622
180 194
180 194
183 583
183 583
177 174
177 174
165 562
165 562
174 192
174 192
174 192
174 192
174 192
174 192
195 178
195 178
163 514
163 514
173 520
173 520
199 194
199 194
173 567
173 567
173 543
173 543
179 192
179 192
179 192
179 192
170 587
170 587
167 549
167 549
191 523
191 523
187 174
187 174
157 721
157 721
158 704
158 704
185 703
185 703
163 687
163 687
175 641
175 641
175 641
175 641
177 620
177 620
177 620
177 620
182 624
182 624
185 670
185 670
186 639
186 639
150 404
150 404
159 414
159 414
169 528
169 528
191 519
191 519
195 254
121 294
121 294
226 245
173 260
173 260
173 260
273 336
153 332
279 309
177 370
106 346
106 346
106 346
113 311
113 311
106 274
106 274
106 274
102 300
102 300
102 300
107 318
107 318
107 318
393 635
393 635
296 648
498 668
498 668
498 668
343 717
399 641
399 641
199 283
199 283
241 514
241 514
163 552
163 552
393 616
162 455
304 563
282 339
320 646
287 647
287 647
345 495
289 361
289 361
289 361
342 749
342 749
342 749
257 627
257 627
449 654
449 654
186 377
380 646
392 660
201 592
77 463
77 463
297 687
297 687
236 523
164 245
164 245
164 245
164 245
164 245
164 245
164 245
164 245
271 366
271 366
312 465
312 465
214 282
214 282
184 618
184 618
231 465
231 465
397 530
217 648
217 648
217 648
214 397
214 397
214 397
214 397
450 924
450 924
450 924
450 924
348 790
348 790
348 790
348 790
290 557
290 557
443 525
294 396
221 421
249 264
497 674
497 674
281 314
281 314
181 665
260 405
293 418
293 418
113 187
138 324
138 324
179 353
179 353
161 365
114 308
176 619
238 363
239 543
217 518
243 713
216 369
153 399
153 399
153 399
153 399
153 399
153 399
77 405
125 375
151 541
151 541
149 396
149 396
93 497
93 497
124 471
124 471
159 385
159 385
159 385
130 461
130 461
130 461
215 285
196 322
188 495
188 495
188 495
188 495
