464
-1
-1
121 293
121 293
121 293
121 293
156 333
156 333
214 347
214 347
214 347
214 347
214 347
214 347
180 347
180 347
170 343
170 343
170 343
170 343
119 162
119 162
117 343
117 343
189 343
189 343
189 343
189 343
156 343
156 343
156 160
156 160
122 127
122 127
186 321
186 321
186 321
186 321
138 186
138 186
121 186
121 186
121 186
121 186
86 121
86 121
169 321
169 321
119 321
119 321
119 321
119 321
119 321
119 321
236 321
236 321
236 327
236 327
92 113
92 113
208 215
208 215
208 215
208 215
208 215
208 215
208 215
208 215
190 208
190 208
190 208
190 208
190 208
190 208
165 208
165 208
165 208
165 208
165 208
165 208
165 208
165 208
165 208
165 208
165 208
165 208
165 208
165 208
165 208
165 208
165 208
165 208
165 208
165 208
165 208
165 208
165 208
165 208
165 208
165 208
165 208
165 208
165 208
165 208
165 208
165 208
165 208
165 208
96 97
96 97
93 97
93 97
164 179
164 179
164 179
164 179
137 165
137 165
67 158
67 158
67 158
67 158
59 174
59 174
223 313
162 313
162 313
162 313
162 313
123 313
120 323
120 323
120 323
120 323
120 323
120 323
153 329
153 329
120 140
120 140
120 140
120 140
120 140
120 140
157 313
157 313
157 313
107 170
107 170
107 170
107 170
140 328
140 328
140 328
140 328
131 328
131 328
131 328
131 328
123 156
123 156
187 313
187 313
137 330
137 330
120 330
120 330
87 140
87 140
87 140
87 140
87 140
87 140
87 140
87 140
153 334
153 334
153 334
153 334
153 334
153 334
153 334
153 334
241 334
241 334
140 334
173 327
129 341
129 341
153 328
153 328
153 328
153 328
107 120
107 120
177 223
177 223
121 330
121 330
111 163
111 163
110 182
110 182
195 214
195 214
121 345
121 345
198 218
198 218
152 218
152 218
152 335
152 335
103 177
103 177
101 177
101 177
97 335
97 335
97 335
97 335
157 323
157 323
96 172
96 172
159 322
159 322
101 142
101 142
144 348
144 348
136 159
136 159
136 152
136 152
120 136
120 136
161 293
161 293
152 332
152 332
129 316
129 316
98 324
98 324
98 131
98 131
114 145
114 145
187 223
187 223
178 219
178 219
127 321
127 321
119 331
119 331
119 331
119 331
119 331
119 331
119 331
119 331
102 331
102 331
102 331
102 331
102 331
102 331
102 331
102 331
102 331
102 331
102 331
102 331
102 331
102 331
102 331
102 331
137 220
129 319
130 158
130 158
130 158
127 346
100 333
100 333
100 333
100 333
117 183
117 183
117 171
145 184
122 272
82 118
82 118
91 183
91 183
83 193
83 193
65 197
65 197
150 188
150 188
131 317
118 300
106 170
106 170
106 174
126 182
126 182
126 140
126 140
126 140
126 140
157 316
157 316
107 343
107 343
157 333
157 333
157 333
157 333
157 333
157 333
157 333
157 333
157 333
157 333
157 333
157 333
124 143
124 143
124 143
124 143
124 143
124 143
107 143
107 143
107 143
107 143
140 331
140 331
140 326
140 326
140 326
140 326
140 326
140 326
140 326
140 326
109 124
109 124
124 309
124 309
76 157
76 157
76 157
76 157
76 240
76 240
192 332
192 332
190 326
190 326
190 326
190 326
190 326
190 326
187 326
187 326
187 326
187 326
187 326
187 326
187 326
187 326
187 326
187 326
145 328
145 328
145 328
145 328
146 328
146 328
101 157
101 157
145 315
145 315
146 315
145 309
145 309
146 309
164 351
164 351
164 351
164 178
164 178
164 178
157 332
157 332
157 332
157 332
157 332
157 332
157 332
157 332
157 332
186 334
120 310
153 332
154 332
120 307
90 143
90 143
90 143
90 143
155 206
155 206
80 139
80 139
215 224
215 224
115 164
115 164
129 314
129 314
117 136
117 136
117 274
117 274
120 335
120 335
120 335
120 335
87 312
87 312
107 145
107 145
107 145
107 145
115 134
115 134
186 335
103 351
103 351
165 325
165 325
165 325
165 325
153 323
153 323
153 323
153 323
153 323
153 323
153 323
153 323
153 323
153 323
189 332
189 332
122 332
122 332
122 142
122 142
