203
-1
-1
229 324
229 324
230 694
230 694
522 738
522 738
522 738
348 672
348 672
284 353
284 353
332 622
332 622
303 323
303 323
374 615
202 683
202 683
262 252
262 252
297 690
297 690
297 690
297 690
167 234
167 234
167 234
167 234
303 627
303 627
303 627
303 627
297 634
297 634
355 464
355 464
310 709
310 709
289 311
289 311
207 683
207 683
321 651
321 651
321 651
321 651
169 315
169 315
210 500
210 500
210 500
210 500
210 500
210 500
210 500
210 500
339 664
339 664
372 704
372 704
372 704
372 704
360 646
360 646
280 382
280 382
280 712
280 712
267 537
252 664
252 664
257 304
257 304
257 304
257 304
199 656
199 656
235 699
235 699
210 255
210 255
191 770
191 770
651 718
651 718
651 718
651 718
651 718
651 718
249 657
301 411
298 364
119 389
119 527
119 527
187 519
103 122
231 359
231 359
231 359
231 359
305 644
128 657
141 365
141 365
166 369
166 369
173 213
158 220
150 648
150 648
144 355
144 355
97 209
164 227
188 541
188 541
171 380
171 380
201 343
201 343
201 343
201 343
201 343
201 343
203 274
203 274
268 318
268 318
221 706
222 319
251 552
111 310
248 412
265 386
253 378
218 578
302 612
236 571
224 450
248 420
218 724
228 722
287 440
258 416
260 298
271 282
144 572
381 663
290 326
247 658
257 608
213 689
185 333
318 712
167 735
176 331
176 331
176 331
176 331
168 337
168 337
116 341
235 546
235 546
99 558
99 558
131 228
181 582
236 421
141 341
141 341
141 341
141 341
141 340
141 340
141 340
141 340
136 607
136 607
140 402
140 402
180 413
180 413
180 413
180 413
180 413
180 413
180 413
180 413
180 413
168 671
168 671
192 356
192 356
192 356
192 356
192 356
192 356
192 356
192 356
198 281
198 281
