85
-1
-1
94 405
425 626
357 779
162 168
162 168
162 168
162 168
162 168
162 168
204 358
155 316
155 316
91 439
224 382
224 382
151 547
151 547
151 547
358 692
401 516
216 501
180 425
191 182
200 372
148 267
148 267
128 513
181 390
429 563
243 600
277 354
178 325
325 623
177 302
177 302
177 302
177 302
177 302
177 302
177 302
177 302
129 611
275 334
221 399
141 377
136 266
136 266
240 676
241 298
138 469
138 469
138 469
138 469
138 469
138 469
138 469
138 469
138 469
294 409
370 404
214 329
167 448
167 448
167 448
196 291
289 348
94 381
227 664
204 333
204 333
228 685
228 685
314 638
314 638
156 267
137 351
159 282
148 549
148 549
187 267
187 267
187 267
217 287
135 399
135 399
