120
-1
-1
83 102
83 102
156 301
156 301
137 329
137 329
138 329
138 329
157 328
157 328
157 371
157 371
157 371
157 371
90 145
90 145
124 335
124 335
165 335
165 335
153 186
153 186
173 333
140 321
57 278
57 278
63 87
63 87
63 87
64 137
98 186
63 117
80 329
63 185
71 185
71 185
65 200
65 200
86 180
86 180
86 180
86 180
86 180
86 180
94 279
94 279
94 279
94 279
94 279
94 279
80 276
80 276
56 175
56 175
80 262
80 262
77 242
77 242
77 77
77 77
96 292
96 292
96 292
96 292
62 398
62 398
62 398
62 398
70 261
70 261
79 259
79 259
79 259
79 259
108 216
108 216
65 328
65 328
65 328
65 328
61 287
61 287
61 287
61 287
61 287
61 287
64 286
64 286
143 214
65 257
65 257
65 254
65 254
65 249
65 249
48 200
48 200
119 214
71 284
71 284
78 275
78 275
69 300
69 300
69 300
69 300
77 275
77 275
61 275
61 275
61 275
61 275
60 275
60 275
60 275
60 275
90 318
90 318
77 276
77 276
