127
-1
-1
115 190
123 308
107 281
201 291
201 291
74 336
74 336
85 319
85 319
79 183
79 183
79 183
79 183
79 183
79 183
90 332
44 396
99 312
99 312
99 312
99 312
56 278
56 278
56 278
56 278
56 278
56 278
56 278
56 278
56 278
56 278
91 237
91 237
114 117
99 272
61 111
83 148
87 244
93 259
93 259
93 259
96 258
96 258
70 252
70 252
48 183
48 183
48 183
61 216
61 216
57 247
57 247
61 225
61 225
129 206
90 171
77 164
77 164
77 164
77 164
77 164
77 164
77 164
77 164
70 77
70 77
62 70
67 154
67 154
67 154
67 154
98 181
98 181
54 101
73 231
73 231
84 188
84 188
84 188
84 188
96 166
96 166
96 166
96 166
79 354
79 354
53 191
53 191
74 192
74 192
74 192
74 192
74 192
74 192
74 192
74 192
83 160
83 160
129 196
129 196
129 196
129 196
129 196
91 98
111 196
86 177
86 177
86 117
86 117
86 117
86 117
86 117
86 117
81 115
81 115
81 115
81 115
63 107
185 235
181 264
153 138
153 138
153 138
153 138
153 138
71 236
71 236
