119
-1
-1
68 101
106 214
75 121
79 247
79 247
49 123
49 123
81 107
139 245
139 245
67 184
67 184
39 129
67 252
67 252
70 166
58 95
58 95
56 265
56 265
56 265
56 265
56 265
56 265
68 261
68 261
67 159
67 159
67 159
74 352
94 321
182 233
132 392
65 250
72 369
73 81
90 197
190 349
161 313
161 313
161 313
161 313
161 313
161 313
159 162
159 162
141 181
141 181
141 181
141 181
172 346
172 346
172 346
172 346
172 346
172 346
172 346
132 156
132 156
132 156
132 156
139 352
139 352
139 352
139 352
139 352
139 352
124 315
124 315
124 315
233 320
233 320
233 320
179 184
179 184
196 357
196 357
196 357
196 357
196 357
196 357
196 357
196 357
111 311
111 311
113 132
113 132
113 132
113 132
113 132
113 132
146 357
146 357
146 357
146 357
167 342
167 342
146 319
146 319
132 286
117 177
117 177
74 122
74 122
209 348
218 329
186 342
186 342
205 358
205 358
233 342
233 342
157 358
157 358
157 358
147 324
147 324
144 300
144 300
