388
-1
-1
40 72
106 326
43 326
74 167
74 167
74 167
74 167
74 167
74 167
63 118
63 118
63 118
98 205
58 220
58 220
57 285
57 285
45 188
45 188
45 188
58 204
58 204
68 279
68 279
68 279
68 279
68 279
68 279
107 122
107 122
91 208
91 208
91 208
91 208
52 163
52 163
76 314
76 314
76 314
75 314
75 314
75 314
75 314
57 213
57 213
55 231
55 231
55 231
55 231
55 213
55 213
46 199
46 199
57 167
57 167
98 200
54 225
54 225
54 225
54 225
54 225
54 225
54 225
54 225
54 225
54 225
54 225
54 225
53 225
53 225
62 94
62 94
55 94
91 185
91 185
91 185
91 185
91 185
91 185
135 232
135 232
117 135
117 135
95 135
95 135
115 258
115 258
115 258
115 258
102 265
102 265
102 265
102 265
102 265
102 265
102 265
102 265
102 265
102 265
102 265
102 265
77 193
124 164
124 164
124 164
124 164
124 164
77 126
77 126
77 178
77 178
77 178
77 178
114 308
114 308
114 308
114 308
83 156
83 156
95 213
109 227
123 151
69 185
69 185
69 185
69 185
69 185
69 185
69 185
69 185
69 185
69 185
69 185
69 185
69 185
69 185
69 185
69 185
69 185
69 185
142 185
185 194
185 227
83 153
83 153
109 201
82 279
82 279
44 189
202 340
162 367
86 87
86 87
86 87
86 87
86 87
86 87
108 170
77 164
77 164
50 238
106 196
106 196
69 279
69 279
69 279
69 279
69 279
167 368
217 255
102 255
95 206
91 95
99 181
79 130
79 130
69 264
235 299
127 326
134 165
85 153
85 167
85 167
85 167
85 167
85 167
85 167
85 167
85 167
67 288
126 179
104 209
78 209
64 128
64 128
127 325
126 146
73 217
73 217
73 217
73 217
73 217
73 217
73 217
73 217
73 217
140 217
171 185
109 158
79 209
79 209
79 209
89 151
131 160
48 196
122 325
107 178
107 178
121 336
121 336
160 335
160 335
76 127
66 195
80 131
70 291
70 291
96 143
96 143
96 143
105 152
64 207
64 207
64 198
64 198
64 198
64 198
64 181
64 181
64 181
64 181
64 181
64 181
64 181
64 181
64 148
64 148
50 257
50 257
50 257
50 257
50 257
50 257
68 221
68 221
68 221
68 221
68 221
68 221
68 221
68 221
80 190
80 190
80 190
79 165
79 165
79 165
79 165
101 162
101 162
75 161
75 161
75 161
90 156
90 156
91 156
91 156
91 156
81 129
81 129
74 295
74 295
59 221
59 221
101 219
101 219
46 207
46 207
65 205
65 205
68 204
68 204
68 204
68 204
65 203
65 203
65 203
65 203
80 165
80 165
80 165
80 135
80 135
80 135
80 272
80 272
72 272
72 272
72 272
72 272
72 258
72 258
70 258
70 258
111 233
111 233
63 230
63 230
80 138
80 138
67 133
67 133
67 133
67 133
67 133
67 133
79 284
79 284
79 284
79 284
100 250
50 148
50 148
157 292
157 292
134 322
74 147
66 217
66 217
66 217
66 217
66 217
66 217
126 199
126 199
126 199
126 199
80 197
80 197
80 197
80 197
80 197
80 197
80 197
80 197
85 193
85 193
85 193
85 193
85 193
85 193
112 184
93 132
81 132
81 132
80 97
80 97
67 70
67 70
81 157
81 157
144 291
144 291
98 154
98 154
222 312
222 312
105 312
105 312
63 287
63 287
63 286
63 286
62 285
62 285
63 283
63 283
125 248
