349
-1
-1
270 374
270 374
294 696
237 367
237 367
227 345
227 345
227 345
227 345
227 345
227 345
288 498
288 498
288 498
288 498
282 356
282 356
282 356
282 356
282 356
282 356
394 409
394 409
139 310
139 310
139 310
139 310
139 310
139 310
139 310
139 310
139 310
139 310
139 310
139 310
139 310
139 310
139 310
139 310
334 678
334 678
203 307
203 307
155 558
155 558
434 492
434 492
473 449
473 449
232 426
232 426
340 602
340 602
324 651
324 651
324 651
177 223
177 223
321 620
321 620
280 671
280 671
300 677
300 677
289 631
289 631
333 749
333 749
293 713
293 713
199 277
199 277
255 638
255 638
328 611
328 611
294 380
294 380
356 613
282 610
120 594
120 594
122 161
122 161
122 161
127 267
180 358
115 258
176 599
139 367
150 359
150 359
130 425
130 425
160 347
160 347
160 347
160 347
160 347
160 347
191 526
191 526
191 526
191 526
191 526
191 526
149 557
149 557
115 354
115 354
155 519
155 519
145 488
145 488
156 162
156 162
187 608
187 608
187 608
187 608
131 828
131 828
131 828
131 828
147 553
147 553
173 499
173 499
173 499
173 499
238 389
238 389
121 598
121 598
121 598
121 598
115 608
115 608
115 608
115 608
115 608
115 608
135 568
135 568
297 440
120 519
120 519
128 533
128 533
125 449
125 449
96 393
96 393
255 432
131 603
131 603
147 529
147 529
150 577
150 577
150 577
150 577
167 578
167 578
115 502
115 502
115 502
115 502
114 567
114 567
114 567
114 567
148 609
148 609
169 693
169 693
167 515
167 515
172 661
172 661
177 694
177 694
153 570
153 570
171 171
171 171
171 171
171 171
163 532
163 532
151 520
151 520
170 204
170 204
178 622
178 622
180 194
180 194
183 583
183 583
177 174
177 174
165 562
165 562
174 192
174 192
174 192
174 192
174 192
174 192
195 178
195 178
163 514
163 514
173 520
173 520
199 194
199 194
173 567
173 567
173 543
173 543
179 192
179 192
179 192
179 192
170 587
170 587
167 549
167 549
191 523
191 523
187 174
187 174
157 721
157 721
158 704
158 704
185 703
185 703
163 687
163 687
175 641
175 641
175 641
175 641
177 620
177 620
177 620
177 620
182 624
182 624
185 670
185 670
186 639
186 639
150 404
150 404
159 414
159 414
169 528
169 528
191 519
191 519
195 254
121 294
121 294
226 245
173 260
173 260
173 260
273 336
153 332
279 309
177 370
106 346
106 346
106 346
113 311
113 311
106 274
106 274
106 274
102 300
102 300
102 300
107 318
107 318
107 318
393 635
393 635
296 648
498 668
498 668
498 668
343 717
399 641
399 641
199 283
199 283
241 514
241 514
163 552
163 552
393 616
162 455
304 563
282 339
320 646
287 647
287 647
345 495
289 361
289 361
289 361
342 749
342 749
342 749
257 627
257 627
449 654
449 654
186 377
380 646
392 660
201 592
77 463
77 463
297 687
297 687
236 523
164 245
164 245
164 245
164 245
164 245
164 245
164 245
164 245
271 366
271 366
312 465
312 465
214 282
214 282
184 618
184 618
231 465
231 465
