189
-1
-1
162 352
162 352
233 381
233 381
233 381
233 381
233 381
233 381
173 357
173 357
183 337
183 337
183 337
183 337
124 178
124 178
112 377
112 377
188 356
188 356
188 356
188 356
147 367
147 367
141 161
141 161
125 137
125 137
172 309
172 309
172 309
172 309
136 168
136 168
133 185
133 185
133 185
133 185
85 123
85 123
177 296
177 296
116 349
116 349
116 349
116 349
116 349
116 349
247 330
247 330
232 333
232 333
101 108
101 108
198 232
198 232
198 232
198 232
198 232
198 232
198 232
198 232
175 212
175 212
175 212
175 212
175 212
175 212
168 190
168 190
168 190
168 190
168 190
168 190
168 190
168 190
168 190
168 190
168 190
168 190
168 190
168 190
168 190
168 190
168 190
168 190
168 190
168 190
168 190
168 190
168 190
168 190
168 190
168 190
168 190
168 190
168 190
168 190
168 190
168 190
168 190
168 190
102 97
102 97
93 91
93 91
180 187
180 187
180 187
180 187
145 161
145 161
70 149
70 149
70 149
70 149
61 171
61 171
217 298
158 288
158 288
158 288
158 288
129 338
128 332
128 332
128 332
128 332
128 332
128 332
152 338
152 338
121 144
121 144
121 144
121 144
121 144
121 144
167 298
167 298
167 298
114 176
114 176
114 176
114 176
151 334
151 334
151 334
151 334
138 350
138 350
138 350
138 350
122 168
122 168
186 344
186 344
127 314
127 314
112 336
112 336
81 126
81 126
81 126
81 126
81 126
81 126
81 126
81 126
157 354
157 354
157 354
157 354
157 354
157 354
157 354
157 354
253 301
253 301
136 328
170 311
136 328
136 328
162 347
162 347
162 347
162 347
102 118
102 118
