120
-1
-1
269 381
269 381
248 317
248 317
248 317
248 317
248 317
248 317
248 317
248 317
335 707
335 707
193 710
193 710
250 617
250 617
420 607
420 607
289 615
289 615
286 616
286 616
282 370
282 370
334 635
334 635
295 341
295 341
238 313
238 313
158 305
158 305
189 348
189 348
217 312
217 312
362 589
362 589
482 690
482 690
469 690
469 690
467 690
467 690
447 690
447 690
431 650
431 650
271 666
271 666
380 627
380 627
271 671
271 671
271 671
271 671
230 297
230 297
271 661
271 661
271 661
271 661
271 281
271 281
271 281
271 281
271 281
271 281
371 660
371 660
321 660
321 660
321 658
321 658
321 358
321 358
299 455
299 455
231 455
231 455
175 304
175 304
362 581
362 581
371 670
371 670
371 670
371 670
371 670
371 670
371 670
371 670
191 682
191 682
105 230
132 371
132 371
132 371
171 201
134 174
89 125
142 373
142 373
213 694
87 694
87 694
227 694
157 423
157 423
157 423
157 423
157 423
157 423
157 423
157 423
150 570
150 570
209 570
184 373
184 373
