251
-1
-1
72 133
72 133
72 133
47 186
47 186
47 186
47 186
54 192
54 192
64 264
64 264
64 264
64 264
70 160
70 160
70 160
70 160
70 160
70 160
60 108
191 285
80 182
80 182
80 182
80 182
114 128
43 122
118 245
39 281
99 344
99 344
99 344
99 344
91 299
91 299
91 299
105 231
105 231
105 231
76 128
76 128
51 101
36 186
36 186
89 202
89 202
56 255
56 255
79 170
67 215
66 205
66 205
73 211
73 211
73 211
73 211
125 317
121 258
121 258
121 258
76 298
76 298
80 139
80 139
72 136
123 177
123 177
79 259
79 259
79 259
79 259
75 141
75 141
69 78
69 78
91 86
105 164
105 164
141 332
141 332
141 332
141 332
78 115
78 115
175 270
175 270
63 201
73 292
73 292
46 228
46 228
88 235
88 235
68 233
68 233
80 205
80 205
75 328
75 328
75 328
75 328
75 328
75 328
67 315
67 315
78 222
78 222
94 204
94 204
81 198
81 198
81 198
81 198
81 198
81 198
81 198
81 198
81 198
81 198
81 198
81 198
81 198
81 198
81 198
81 198
81 198
81 198
72 186
72 186
72 186
72 186
72 186
72 186
72 186
72 186
72 186
72 186
72 186
78 128
78 128
97 118
97 118
69 121
69 121
69 121
69 121
50 200
50 200
71 180
87 175
86 155
86 155
86 155
86 155
80 322
89 362
89 362
90 325
90 325
90 213
91 195
91 195
97 203
46 61
101 207
127 184
127 184
129 179
129 179
129 179
129 179
78 198
78 198
105 184
81 172
81 172
93 270
93 270
74 175
74 175
74 175
74 175
86 134
86 134
86 134
86 134
96 173
96 173
88 166
88 166
89 277
79 140
79 140
109 129
109 129
109 129
63 355
63 355
63 355
63 355
68 184
68 184
93 210
93 210
54 181
54 181
54 181
54 181
109 160
85 148
85 148
64 258
64 258
64 258
64 258
56 178
56 178
56 178
56 178
58 130
58 130
58 130
58 130
39 99
39 99
48 167
85 311
85 311
104 285
85 238
116 271
109 186
127 180
127 180
47 199
47 199
90 113
90 113
70 129
102 173
102 173
132 284
132 284
132 284
132 284
132 284
132 284
132 284
132 284
132 284
132 284
