364
-1
-1
71 311
71 311
99 174
99 174
99 174
99 174
99 174
99 174
80 182
80 182
80 182
90 142
102 320
39 323
62 295
62 295
62 295
62 295
62 295
62 295
42 201
87 143
65 123
65 123
95 248
95 248
64 299
64 299
96 265
96 265
114 218
164 365
101 296
92 124
92 124
155 266
93 216
126 253
123 224
123 224
103 222
103 222
121 229
121 229
82 130
53 79
94 230
94 230
94 230
94 230
122 304
156 301
163 184
102 261
102 261
69 438
69 438
118 166
118 166
118 166
145 308
130 279
100 370
100 370
138 275
138 275
107 311
90 320
180 316
200 335
200 335
154 162
154 162
154 162
139 319
139 319
139 319
104 116
104 116
122 307
122 307
122 307
122 307
122 307
122 307
124 345
124 345
199 352
199 352
199 352
199 352
179 307
179 307
160 358
160 358
81 354
81 354
161 342
160 335
133 317
133 317
130 302
130 302
143 323
143 323
143 323
143 323
188 259
188 259
110 307
110 307
146 365
146 365
146 365
88 206
88 206
152 173
152 173
145 373
127 166
127 166
127 166
127 166
127 166
127 166
127 246
127 246
127 246
127 246
123 177
123 177
123 177
123 177
123 177
123 177
189 186
189 186
69 128
69 128
69 128
69 128
69 128
69 128
69 128
69 128
69 128
69 128
69 128
69 128
69 128
69 128
69 128
69 128
174 307
174 307
87 149
87 149
75 330
75 330
240 230
240 230
238 227
238 227
114 230
114 230
157 331
157 331
161 304
161 304
161 304
89 108
89 108
155 298
155 298
128 355
128 355
127 326
127 326
161 344
161 344
148 364
148 364
148 364
148 364
94 140
94 140
127 302
127 302
164 348
164 348
163 175
163 175
179 304
132 315
61 280
61 280
61 93
61 93
61 93
64 150
90 175
64 116
84 300
60 169
71 180
71 180
61 218
61 218
91 164
91 164
91 164
91 164
91 164
91 164
88 287
88 287
88 287
88 287
88 287
88 287
81 289
81 289
51 189
51 189
87 247
87 247
71 221
71 221
70 74
70 74
94 281
94 281
94 281
94 281
59 437
59 437
59 437
59 437
74 263
74 263
74 261
74 261
74 261
74 261
105 224
105 224
70 325
70 325
70 325
70 325
61 307
61 307
61 307
61 307
61 307
61 307
59 284
59 284
144 224
61 252
61 252
62 234
62 234
66 271
66 271
45 204
45 204
114 233
68 301
68 301
74 299
74 299
65 294
65 294
65 294
65 294
79 288
79 288
59 248
59 248
59 248
59 248
62 264
62 264
62 264
62 264
85 327
85 327
71 287
71 287
84 357
84 357
85 306
85 306
80 267
80 267
92 101
92 101
92 101
92 101
91 274
91 274
79 260
79 260
77 86
77 86
90 302
90 302
83 98
83 98
85 278
85 278
92 85
92 85
85 92
85 92
85 92
85 92
85 92
85 92
85 92
85 92
85 102
85 102
97 297
97 297
88 290
88 290
88 290
88 290
87 96
87 96
87 96
87 96
87 96
87 96
94 291
94 291
89 302
89 302
83 304
83 304
93 310
93 310
82 310
82 310
80 355
80 355
85 368
85 368
93 313
93 313
93 313
93 313
93 313
93 313
82 363
82 363
82 363
82 363
84 372
84 372
90 351
90 351
