259
-1
-1
120 334
120 334
103 145
103 145
103 145
103 145
103 145
103 145
137 334
137 334
137 334
137 334
158 333
158 333
158 335
158 335
140 307
118 164
118 164
70 118
70 118
190 323
208 335
191 329
191 329
187 329
187 329
220 329
220 329
146 329
146 329
146 329
158 318
158 318
153 312
153 312
151 301
151 301
220 312
220 312
112 120
112 120
135 329
135 329
135 329
135 329
185 324
185 324
185 324
185 324
135 324
135 324
135 324
135 324
135 324
135 324
135 137
135 137
160 324
160 324
160 324
160 324
160 324
160 324
134 190
134 190
124 158
124 158
124 158
124 158
124 158
124 158
124 158
124 158
167 353
167 353
96 355
96 355
125 308
125 308
210 303
210 303
144 307
144 307
143 308
143 308
141 185
141 185
167 317
167 317
147 170
147 170
119 156
119 156
79 152
79 152
94 174
94 174
108 156
108 156
181 294
181 294
241 345
241 345
234 345
234 345
233 345
233 345
223 345
223 345
215 325
215 325
135 333
135 333
190 313
190 313
135 335
135 335
135 335
135 335
115 148
115 148
135 330
135 330
135 330
135 330
135 140
135 140
135 140
135 140
135 140
135 140
185 330
185 330
160 330
160 330
160 329
160 329
160 179
160 179
149 227
149 227
115 227
115 227
87 152
87 152
181 290
181 290
185 335
185 335
185 335
185 335
185 335
185 335
185 335
185 335
95 341
95 341
52 115
66 185
66 185
66 185
85 100
67 87
44 62
71 186
71 186
106 347
43 347
43 347
113 347
78 211
78 211
78 211
78 211
78 211
78 211
78 211
78 211
75 285
75 285
104 285
92 186
92 186
92 152
92 152
150 186
150 186
76 162
76 162
76 162
76 162
76 162
76 162
79 196
79 196
79 196
79 196
96 232
96 232
80 266
80 266
80 266
82 274
82 274
82 266
82 266
80 150
80 150
80 150
80 150
80 150
80 150
66 231
66 231
64 205
64 205
67 194
67 194
66 190
66 190
94 215
94 215
94 200
94 200
94 200
94 200
96 305
84 168
84 168
83 168
83 168
78 277
78 277
78 277
78 277
78 277
78 277
94 157
94 157
95 192
95 192
95 192
95 192
95 192
95 192
95 191
95 191
95 191
95 191
95 215
95 215
95 215
95 215
78 215
78 215
79 266
79 266
121 267
