120
-1
-1
81 651
195 574
195 574
164 353
164 353
126 300
126 300
126 300
126 300
126 300
126 300
126 300
126 300
126 300
126 300
162 171
128 529
128 529
111 441
111 441
254 558
137 321
137 321
137 321
206 417
262 338
262 338
153 286
153 286
153 286
153 286
129 434
129 434
157 524
157 524
164 326
164 326
246 459
162 706
216 229
239 454
226 414
166 214
94 344
94 344
239 431
161 591
161 591
148 487
148 487
148 487
148 487
193 296
193 296
100 245
100 245
68 139
68 139
183 451
183 451
120 470
120 470
97 303
97 303
164 365
164 365
164 365
164 365
197 560
143 560
143 560
143 560
143 560
159 446
159 446
159 446
159 446
211 316
211 316
211 316
143 150
153 337
153 337
153 337
152 337
152 337
152 337
153 238
152 238
194 551
155 205
155 205
228 366
228 366
228 366
228 366
227 366
227 366
227 366
227 366
228 234
228 234
228 234
228 234
163 706
163 706
149 414
149 414
149 414
149 414
149 413
149 413
149 413
149 413
170 409
170 409
170 409
170 409
170 409
170 409
