127
-1
-1
198 354
303 648
161 669
195 352
195 352
195 352
195 352
162 318
162 318
120 328
229 587
229 587
96 587
96 587
135 237
184 587
232 452
149 338
149 338
149 338
149 338
154 312
154 312
154 312
154 312
144 579
144 579
144 369
144 369
166 409
166 409
166 409
166 409
166 409
166 409
166 409
166 409
166 409
162 665
162 665
199 367
199 367
199 367
199 367
199 367
199 367
199 367
199 367
200 302
200 302
100 229
204 631
103 452
103 452
99 362
99 362
89 369
89 369
85 371
85 371
85 371
85 371
153 187
153 187
153 187
153 187
153 187
153 184
153 184
137 810
170 170
111 474
111 474
94 474
94 474
119 524
119 524
209 317
180 424
180 424
180 424
180 424
180 424
180 424
180 424
180 424
81 144
213 652
86 652
148 335
148 335
148 335
148 335
148 335
148 335
126 237
126 237
126 237
197 410
117 441
117 441
115 570
115 570
91 377
116 409
116 409
137 559
137 559
137 559
137 559
137 559
137 559
215 244
215 244
183 417
183 417
183 417
183 417
104 327
104 327
152 629
152 629
152 629
151 629
151 629
151 629
151 629
