112
-1
-1
120 312
120 312
120 312
120 312
60 352
32 339
78 156
105 127
42 138
234 354
96 167
48 167
82 142
67 108
73 116
70 108
105 216
76 134
73 268
73 268
54 124
54 124
82 106
133 229
133 229
71 200
71 200
39 121
67 279
67 279
67 174
64 95
64 95
58 294
58 294
58 294
58 294
58 294
58 294
72 263
72 263
66 149
66 149
66 149
68 336
96 334
167 220
134 357
69 268
80 336
69 89
100 186
187 336
152 329
152 329
152 329
152 329
152 329
152 329
152 168
152 168
136 168
136 168
136 168
136 168
169 327
169 327
169 327
169 327
169 327
169 327
169 327
136 155
136 155
136 155
136 155
152 333
152 333
152 333
152 333
152 333
152 333
120 328
120 328
120 328
214 323
214 323
214 323
168 187
168 187
187 334
187 334
187 334
187 334
187 334
187 334
187 334
187 334
120 334
120 334
103 145
103 145
103 145
103 145
103 145
103 145
137 334
137 334
137 334
137 334
158 333
158 333
