145
-1
-1
97 171
97 171
87 188
87 188
62 182
62 182
149 179
149 179
128 289
113 312
108 162
108 162
104 159
118 164
118 164
132 135
132 135
132 135
132 135
145 294
145 294
114 337
114 337
171 307
171 307
171 307
171 307
171 307
171 307
171 307
171 307
171 307
171 307
171 307
171 307
113 136
113 136
113 136
113 136
113 136
113 136
102 151
102 151
102 151
102 151
128 354
128 354
154 355
154 355
154 355
154 355
154 355
154 355
154 355
154 355
118 126
118 126
132 306
132 306
81 142
81 142
81 142
81 142
82 219
82 219
199 306
199 306
171 345
171 345
171 345
171 345
171 345
171 345
201 323
201 323
201 323
201 323
201 323
201 323
201 323
201 323
201 323
201 323
140 315
140 315
140 315
140 315
148 299
148 299
111 147
111 147
143 333
143 333
150 333
132 312
132 312
147 330
150 344
150 344
150 344
148 190
148 190
148 190
160 335
160 335
160 335
160 335
160 335
160 335
160 335
160 335
160 335
172 301
116 298
162 358
169 326
110 331
86 150
86 150
86 150
86 150
168 218
168 218
76 126
76 126
194 216
194 216
121 153
121 153
117 335
117 335
116 131
116 131
113 298
113 298
117 302
117 302
117 302
117 302
84 333
84 333
104 158
104 158
104 158
104 158
