125
-1
-1
289 682
289 682
289 682
289 682
289 682
289 682
289 682
289 682
492 682
492 682
275 643
340 648
252 662
252 662
280 625
280 625
280 625
280 625
206 226
206 226
351 403
351 403
236 719
236 719
210 349
210 349
235 335
235 335
367 436
367 436
267 649
267 649
378 445
378 445
299 433
299 433
302 710
302 710
199 382
199 382
207 382
207 382
202 716
202 716
202 716
202 716
343 685
343 685
180 321
180 321
328 593
328 593
189 256
189 256
290 670
290 670
251 349
251 349
296 289
296 289
221 296
221 296
355 633
355 633
287 605
287 605
256 626
256 626
270 614
270 614
195 604
195 604
214 277
214 277
217 285
217 285
382 469
382 469
350 469
350 469
270 610
270 610
224 617
224 617
224 617
224 617
224 617
224 617
224 617
224 617
208 630
208 630
208 630
208 630
208 630
208 630
208 630
208 630
208 630
208 630
208 630
208 630
208 630
208 630
208 630
208 630
269 432
278 626
246 302
246 302
246 302
247 698
189 707
189 707
189 707
189 707
250 341
250 341
243 353
301 361
248 534
173 219
173 219
171 396
171 396
