130
-1
-1
67 247
67 247
71 146
119 354
39 338
92 292
92 292
86 179
86 179
63 156
63 156
63 156
63 156
63 156
63 156
63 156
63 156
63 156
63 156
78 92
61 285
61 285
54 205
54 205
137 263
68 176
68 176
68 176
113 212
141 177
141 177
70 145
70 145
70 145
70 145
69 207
69 207
71 275
71 275
74 159
74 159
116 235
81 336
81 336
81 336
100 116
122 216
119 189
75 108
51 182
51 182
110 219
86 272
86 272
79 226
79 226
79 226
79 226
97 146
97 146
50 123
50 123
35 67
35 67
86 216
86 216
60 233
60 233
48 142
48 142
77 198
77 198
77 198
77 198
97 296
75 308
75 308
75 308
75 308
78 215
78 215
78 215
78 215
110 143
110 143
110 143
68 81
77 163
77 163
77 163
77 163
77 163
77 163
73 110
73 110
103 262
80 92
80 92
116 192
116 192
116 192
116 192
107 178
107 178
107 178
107 178
119 121
119 121
119 121
119 121
79 201
79 201
79 201
79 201
76 222
76 222
76 222
76 222
89 198
89 198
89 198
89 198
89 198
89 198
89 198
89 198
89 198
89 198
89 198
89 198
