120
-1
-1
255 618
255 618
357 611
357 611
285 344
285 344
315 725
266 680
124 572
124 572
115 161
115 161
115 161
140 248
212 343
115 219
174 684
133 403
130 407
130 407
120 421
120 421
160 371
160 371
160 371
160 371
160 371
160 371
183 543
183 543
183 543
183 543
183 543
183 543
148 497
148 497
108 323
108 323
147 488
147 488
170 498
170 498
162 145
162 145
211 637
211 637
211 637
211 637
117 790
117 790
117 790
117 790
133 542
133 542
165 488
165 488
165 488
165 488
238 415
238 415
139 625
139 625
139 625
139 625
127 540
127 540
127 540
127 540
127 540
127 540
141 624
141 624
269 403
144 565
144 565
140 498
140 498
133 537
133 537
93 361
93 361
228 399
139 603
139 603
152 518
152 518
136 583
136 583
136 583
136 583
145 546
145 546
128 540
128 540
128 540
128 540
109 529
109 529
109 529
109 529
167 499
167 499
174 661
174 661
160 597
160 597
181 634
181 634
179 634
179 634
162 570
162 570
173 178
173 178
173 178
173 178
176 576
176 576
152 616
152 616
