351
-1
-1
169 316
129 466
129 466
129 466
129 466
239 415
239 415
334 518
256 334
370 567
370 567
345 687
345 687
263 313
263 313
199 299
199 299
199 299
340 391
340 391
330 706
330 706
330 706
330 706
283 449
283 449
254 622
254 622
254 622
254 622
280 294
280 294
227 609
227 609
227 609
227 609
227 609
227 609
227 609
227 609
227 609
227 609
227 609
227 609
252 304
252 304
206 609
206 609
206 609
206 609
128 267
128 267
290 543
285 512
285 512
146 623
146 623
146 623
146 623
146 623
146 623
140 531
140 531
140 531
140 531
140 531
140 531
98 351
87 161
87 161
87 161
186 208
215 386
151 480
135 231
311 636
176 535
210 467
405 419
405 419
405 419
405 419
243 365
243 365
208 359
208 359
208 359
208 359
132 679
132 679
84 610
84 610
80 142
224 346
224 346
171 359
171 359
171 359
171 359
154 647
154 647
154 647
154 647
154 647
154 647
154 647
154 647
200 630
200 630
200 630
200 630
175 669
175 669
150 587
150 587
126 623
126 623
132 299
132 299
291 667
178 460
399 507
399 507
96 291
96 291
96 291
96 291
96 291
182 672
182 672
182 672
182 672
177 403
177 403
177 403
135 330
182 306
173 220
80 390
209 644
209 644
209 644
209 644
200 216
200 216
200 216
200 216
223 228
86 474
86 474
86 474
86 474
87 395
87 395
144 374
144 374
269 616
170 396
170 396
170 396
149 667
149 667
125 507
125 507
148 264
244 599
81 625
184 602
184 602
163 346
163 346
114 309
114 309
114 309
114 309
114 309
114 309
114 309
114 309
114 309
114 309
165 176
131 560
131 560
108 454
108 454
232 542
147 324
147 324
147 324
200 425
272 368
272 368
157 288
157 288
157 288
157 288
138 391
138 391
169 493
169 493
180 345
180 345
248 450
166 636
204 216
241 458
222 390
160 235
86 361
86 361
220 452
177 556
177 556
135 478
135 478
135 478
135 478
212 288
212 288
94 252
94 252
71 143
71 143
169 438
169 438
122 479
122 479
104 273
104 273
175 372
175 372
175 372
175 372
204 599
154 565
154 565
154 565
154 565
144 454
144 454
144 454
144 454
209 294
209 294
209 294
150 153
165 370
165 370
165 370
158 331
158 331
158 331
157 259
137 240
187 529
146 187
146 187
243 330
243 330
243 330
243 330
236 356
236 356
236 356
236 356
232 252
232 252
232 252
232 252
177 664
177 664
136 451
136 451
136 451
136 451
139 405
139 405
139 405
139 405
181 401
181 401
181 401
181 401
181 401
181 401
162 432
162 432
162 432
162 432
162 432
162 432
185 329
185 329
143 628
143 628
202 382
202 382
202 382
202 382
202 382
202 382
154 337
154 337
154 337
186 296
216 646
80 640
132 503
132 503
132 503
132 503
132 503
132 503
77 392
177 294
124 248
124 248
203 595
203 595
144 556
144 556
176 579
176 579
251 449
358 610
204 608
186 205
186 205
358 553
183 420
274 486
209 488
209 488
214 498
214 498
233 406
233 406
144 273
101 151
165 470
165 470
165 470
165 470
276 536
277 579
304 425
246 605
246 605
154 772
154 772
