446
-1
-1
164 197
164 197
199 624
199 624
198 455
164 677
164 677
129 163
129 163
245 425
180 474
206 467
206 467
189 271
102 433
199 624
140 586
140 586
140 586
140 586
281 301
281 301
281 301
146 680
146 680
146 680
146 680
146 680
146 680
146 680
146 680
146 680
146 680
125 346
125 346
125 346
125 346
125 346
125 346
125 346
125 346
125 346
125 346
356 424
245 751
204 375
204 375
204 375
204 375
204 375
204 375
144 384
144 384
144 384
226 647
235 482
235 482
220 484
220 484
220 484
220 484
220 484
220 484
220 484
220 484
220 484
220 484
204 279
204 279
428 719
428 719
453 719
453 719
379 628
379 628
138 249
138 249
306 730
306 730
349 707
445 690
445 690
345 725
345 725
297 371
297 371
271 667
259 620
259 620
259 620
259 620
259 620
259 620
259 620
259 620
259 620
259 620
259 620
259 620
234 315
234 315
150 237
150 237
336 625
336 625
336 625
336 625
336 625
336 625
336 625
336 625
242 717
242 717
242 717
242 717
318 732
318 732
372 635
372 635
131 124
131 124
131 124
131 124
131 124
131 124
131 124
131 124
353 623
353 623
270 584
270 584
283 613
283 613
228 644
228 644
228 644
228 644
325 647
325 647
407 764
407 764
407 764
407 764
407 764
407 764
379 701
379 701
370 755
370 755
370 755
370 755
217 318
217 318
218 626
218 626
372 660
372 660
372 660
372 660
321 755
321 755
336 304
336 304
221 249
221 249
409 637
409 637
409 637
409 637
264 375
264 375
229 401
229 401
229 401
229 401
159 234
159 234
362 694
362 694
228 649
228 649
228 649
228 649
228 649
228 649
430 586
430 586
463 667
463 667
185 221
185 221
380 442
380 442
380 442
380 442
380 442
380 442
380 442
380 442
373 429
373 429
373 429
373 429
373 429
373 429
321 401
321 401
321 401
321 401
321 401
321 401
321 401
321 401
321 401
321 401
321 401
321 401
321 401
321 401
321 401
321 401
321 401
321 401
321 401
321 401
321 401
321 401
321 401
321 401
321 401
321 401
321 401
321 401
321 401
321 401
321 401
321 401
321 401
321 401
193 193
193 193
173 207
173 207
334 345
334 345
334 345
334 345
301 315
301 315
124 313
124 313
124 313
124 313
119 380
119 380
472 670
296 584
296 584
296 584
296 584
260 615
219 698
219 698
219 698
219 698
219 698
219 698
286 640
286 640
256 270
256 270
302 595
302 595
302 595
212 370
212 370
212 370
212 370
297 651
297 651
297 651
299 618
248 638
248 638
248 638
248 638
261 328
261 328
363 576
363 576
287 602
287 602
226 713
226 713
164 295
164 295
164 295
164 295
164 295
164 295
164 295
164 295
301 649
301 649
301 649
301 649
301 649
301 649
301 649
301 649
492 689
492 689
308 629
366 641
254 642
254 642
295 696
295 696
295 696
295 696
235 261
235 261
357 487
357 487
247 654
247 654
231 311
231 311
212 346
212 346
401 390
401 390
219 738
219 738
386 433
386 433
284 450
284 450
308 630
308 630
225 378
225 378
199 340
199 340
198 683
198 683
198 683
198 683
346 672
346 672
196 321
196 321
350 632
350 632
205 298
205 298
260 752
260 752
293 346
293 346
262 331
262 331
264 259
264 259
339 598
339 598
311 690
311 690
274 657
274 657
263 650
263 650
195 661
195 661
188 260
188 260
241 264
241 264
412 403
412 403
392 456
392 456
243 648
243 648
215 657
215 657
215 657
215 657
215 657
215 657
215 657
215 657
210 729
210 729
210 729
210 729
210 729
210 729
210 729
210 729
210 729
210 729
210 729
210 729
210 729
210 729
210 729
210 729
298 432
240 613
287 295
287 295
287 295
237 761
213 673
213 673
213 673
213 673
232 348
232 348
230 377
319 382
253 490
155 230
155 230
193 400
193 400
155 410
155 410
141 434
141 434
279 407
279 407
281 610
244 583
232 357
232 357
230 359
247 400
247 400
245 262
245 262
332 607
332 607
212 673
212 673
