365
-1
-1
163 361
163 361
92 515
193 432
193 432
135 508
135 508
135 508
338 809
405 536
224 476
200 405
177 198
200 387
156 270
156 270
145 564
164 383
494 575
277 600
259 325
169 283
305 681
165 315
165 315
165 315
165 315
165 315
165 315
165 315
165 315
143 543
241 338
219 456
166 455
136 258
136 258
270 682
238 316
151 414
151 414
151 414
151 414
151 414
151 414
151 414
151 414
151 414
288 405
353 400
201 332
154 431
154 431
154 431
189 273
276 336
93 411
230 696
208 336
208 336
223 678
223 678
304 618
304 618
165 272
129 397
157 267
145 525
145 525
211 307
211 307
211 307
209 290
138 423
138 423
136 365
136 365
136 365
136 365
132 353
132 353
132 353
132 353
132 353
132 353
132 353
132 353
138 279
138 279
103 495
103 495
103 495
103 495
103 495
103 495
146 434
146 434
146 434
146 434
146 434
146 434
146 434
146 434
172 369
172 369
172 369
150 312
150 312
150 312
150 312
182 357
182 357
151 303
151 303
151 303
184 294
184 294
185 333
185 333
185 333
177 249
177 249
158 614
158 614
124 434
124 434
190 474
190 474
88 455
88 455
141 383
141 383
146 421
146 421
146 421
146 421
132 431
132 431
132 431
132 431
160 322
160 322
160 322
152 253
152 253
152 253
154 554
154 554
146 490
146 490
146 490
146 490
132 537
132 537
145 558
145 558
228 507
228 507
129 434
129 434
172 284
172 284
127 276
127 276
127 276
127 276
127 276
127 276
173 558
173 558
173 558
173 558
203 496
109 319
109 319
99 388
99 388
327 556
327 556
258 689
143 315
131 427
131 427
131 427
131 427
131 427
131 427
233 437
233 437
172 392
172 392
172 392
172 392
172 392
172 392
172 392
172 392
187 393
187 393
187 393
187 393
187 393
187 393
213 397
199 242
171 260
171 260
166 184
166 184
131 212
147 133
147 133
176 286
176 286
317 553
317 553
201 296
201 296
448 630
448 630
215 655
215 655
139 598
139 598
124 606
124 606
120 615
120 615
125 533
125 533
249 531
92 447
92 447
92 447
92 447
92 447
92 447
92 447
92 447
92 447
92 447
217 254
270 580
291 583
223 521
265 547
300 490
105 450
105 450
210 295
227 305
196 251
374 620
209 782
209 782
330 596
330 596
330 596
330 596
379 648
379 648
379 648
379 648
251 587
251 587
201 675
201 675
225 569
225 569
449 664
449 664
365 646
365 646
355 568
355 568
306 646
306 646
263 610
263 610
218 402
218 402
341 441
341 441
227 309
227 309
219 265
219 265
258 230
258 230
258 230
258 230
258 230
258 230
258 230
258 230
218 642
201 328
201 328
154 347
154 347
154 347
154 347
153 406
153 406
148 636
148 636
148 636
148 636
148 636
148 636
148 636
148 636
148 636
148 636
148 636
148 636
148 636
148 636
148 636
148 636
137 321
218 377
218 377
218 377
218 377
218 377
218 377
173 370
173 370
150 262
150 262
150 262
134 309
134 309
134 309
139 203
128 416
128 416
152 660
152 660
152 660
294 343
299 366
299 366
299 366
168 666
168 666
168 666
168 666
167 595
167 595
167 595
167 595
167 595
167 595
152 346
152 346
146 372
146 372
146 372
146 372
146 659
146 659
158 680
158 680
