1
6818 2231
0.955499121094148
22.89713740348816
2
22907 1642
0.9596122051953226
162.36227250099182
3
8892 1235
0.9324045086244106
6.064381837844849
4
2921 1499
0.9616626764071174
32.58870530128479
5
2084 6384
0.9683880105734586
97.0243010520935
6
836 2973
0.9460064825856955
3.7067370414733887
7
4567 7819
0.9467600285224834
23.416746139526367
8
3370 10988
0.9654984828337144
100.82544207572937
9
2462 5968
0.9627405599972123
9.103347539901733
10
736 7424
0.9524035589627061
24.818989276885986
11
1944 4842
0.964531669904794
146.77952122688293
12
377 5464
0.931864123406255
3.3388960361480713
13
1063 17279
0.9485051838900689
53.08882474899292
14
4093 8983
0.9734811138089404
139.85239553451538
15
1187 7720
0.9497425695465994
6.529927015304565
16
325 14464
0.9451954986385296
88.44689464569092
17
5630 1363
0.9735745123923432
94.4304141998291
18
723 3163
0.9632817907959818
3.720346450805664
19
12335 2117
0.9712896104823634
23.08626103401184
20
1565 22254
0.9692929813242462
136.55723404884338
21
583 18637
0.9077200401164397
11.08174753189087
22
1838 6189
0.9835193226917567
52.46569013595581
23
6096 1680
0.9563220613048369
103.17547798156738
24
3769 1271
0.9575087586649881
5.101441383361816
25
21935 1306
0.952159223042045
55.427690744400024
26
3794 10392
0.973528028129176
92.62166404724121
27
7637 1862
0.9437240006992922
5.049079656600952
28
890 7378
0.9585660070479805
39.19192314147949
29
1584 10178
0.970277978745998
182.04611587524414
30
1760 1988
0.9567355839582953
3.4374682903289795
31
1041 14832
0.9574693499632645
44.187668800354004
32
23359 1666
0.972206049250472
284.17495465278625
33
5827 1642
0.9442974836573914
3.376464605331421
34
4748 2276
0.9704308945918215
41.715351581573486
35
12579 816
0.969961899617944
150.91591691970825
36
4286 1454
0.9556856686399724
3.7317519187927246
37
12807 2063
0.9632299743978626
31.951510190963745
38
3322 19007
0.9783361128684583
165.72576928138733
39
5551 4224
0.914709394089517
3.8772871494293213
40
1664 3521
0.950662952231665
27.939751386642456
41
7930 840
0.9727317900678556
144.09131789207458
42
3895 1693
0.9286913493377169
4.654566526412964
43
9017 4336
0.9564547153040567
24.209861278533936
44
8788 2744
0.9674034944948784
90.11325120925903
45
1297 7286
0.9494150334467661
3.1527602672576904
46
6282 754
0.9560265235099737
37.41686987876892
47
4843 1473
0.9605435522662099
95.66517066955566
48
1966 1240
0.9240528500639911
3.8939363956451416
49
3501 11569
0.973546473725238
32.78923273086548
50
1490 21562
0.9623870356063893
156.78711938858032
51
3147 2258
0.9572756597803017
3.339066505432129
52
10367 703
0.959409720168809
47.10870838165283
53
777 12146
0.9678185042090854
165.10285687446594
54
838 3225
0.9593761447521785
3.4663000106811523
55
11474 1886
0.9428821600627432
33.55032253265381
56
15341 3660
0.9711439718487157
106.24035453796387
57
1472 6420
0.9602100052485439
6.036560773849487
58
4346 1249
0.9665370584548633
22.115571975708008
59
4215 1695
0.9767894547146901
109.53249287605286
60
797 4478
0.9437730704075074
5.2727837562561035
61
16383 3029
0.9740800978040773
58.124840259552
62
1358 25111
0.9594056879355515
159.57216572761536
63
3170 2297
0.9591204547420926
3.5138251781463623
64
1889 5372
0.96263441951621
33.819371461868286
65
27199 370
0.9411655635193266
294.082560300827
66
2871 1066
0.940132057457541
3.8795201778411865
67
8952 2318
0.9481615013559037
21.769896030426025
68
1995 12876
0.9668854880288638
118.87556219100952
69
3139 5747
0.9583252239641021
3.7256369590759277
70
949 10522
0.977309822422346
53.09750556945801
71
1977 4810
0.969259582916639
131.8796718120575
72
3088 1639
0.9385774056593336
3.5299830436706543
73
3126 6035
0.9483165751499703
22.558484077453613
74
1856 18058
0.9632901324181469
112.447669506073
75
3540 6899
0.9655065460236193
5.976598501205444
76
7099 839
0.9361960866418259
34.15503549575806
77
984 9765
0.9726941873873424
110.50678849220276
78
801 2710
0.9126470141105906
2.2121684551239014
79
1164 13809
0.9355349081317802
35.224175453186035
80
22699 2516
0.9641947555732304
151.74604654312134
81
4322 1549
0.9629808486554745
3.619612455368042
82
6641 1043
0.9671163028474584
31.87780213356018
83
1731 9178
0.9741090234238834
160.61700177192688
84
2155 2349
0.9248234179722032
2.937840223312378
85
2904 12878
0.9651816934683063
25.426886320114136
86
1913 15222
0.9579705289404563
134.66577458381653
87
495 16205
0.8836221517862987
4.229231119155884
88
890 7378
0.9585660070479805
38.775906562805176
89
10550 1204
0.9657527042559556
116.73223423957825
90
4999 1526
0.9748502780503676
9.136179685592651
91
13595 1485
0.9486740891816288
38.713221073150635
92
2349 14293
0.9670234846894751
138.89965772628784
93
1889 4500
0.956145285571437
3.1268081665039062
94
2300 4947
0.9402454715637936
33.3473801612854
95
4353 2042
0.9412283466905529
109.5579252243042
96
1852 1313
0.9624176905146903
4.1626362800598145
97
13415 1981
0.9593861776327215
67.64405059814453
98
14900 2700
0.9722746706437981
192.31038308143616
99
8713 1241
0.9593027100298321
3.498131513595581
100
5652 1001
0.9593854482389514
43.07714104652405
101
6369 1212
0.9515634205907637
73.87105560302734
102
1565 4565
0.9432340106869535
5.754997968673706
103
1351 13151
0.9517338913866218
32.921043395996094
104
1064 29606
0.9570085938178554
169.94139575958252
105
5815 2125
0.9387436548480097
7.763320684432983
106
2638 1712
0.9690207995295218
34.782753229141235
107
7765 1304
0.9791967061574866
85.84347939491272
108
440 6045
0.9540172193398
8.644492864608765
109
1964 9588
0.9469852951797351
33.02415180206299
110
26301 1337
0.945270501558151
308.05739426612854
111
4180 2037
0.9570151949696171
5.071853160858154
112
13426 678
0.9644847733034173
63.48163652420044
113
4350 1785
0.9595068740139734
119.3363778591156
114
1618 3507
0.9519763228267111
5.392656326293945
115
8457 4045
0.9693408945975956
26.952288150787354
116
24783 1556
0.9716659110072862
419.65939712524414
117
1713 5858
0.9495888987413145
7.089173078536987
118
9663 1253
0.9731280960053731
97.02210783958435
119
2078 8811
0.977228296198568
241.9941530227661
120
2448 1354
0.9247753569670113
9.016162872314453
121
15042 1781
0.9624856876508456
53.78781032562256
122
2145 14250
0.9619487833803624
158.25475025177002
123
1444 6134
0.9451157528041785
5.641503810882568
124
5226 1233
0.9524288843386784
29.02147364616394
125
9256 1074
0.9741977220674415
134.344633102417
126
4982 966
0.9364841794850697
4.653083324432373
127
14889 1125
0.947240214625264
53.80040264129639
128
2381 19981
0.971040989570079
127.64259243011475
129
2236 5089
0.9329576648360437
4.073474884033203
130
2929 1494
0.934567220743678
24.28127121925354
131
26689 369
0.9448342094796421
385.14244651794434
132
407 7128
0.9384201694807756
12.854013442993164
133
1199 13587
0.9612737559506699
55.53493404388428
134
17767 1769
0.9724417474447756
169.28660821914673
135
6313 1550
0.9530449712063689
3.733684778213501
136
13592 678
0.9612778686404114
69.84430122375488
137
913 10429
0.9747828034914438
193.2708592414856
138
3126 729
0.9344082595901273
6.046285390853882
139
14719 1635
0.9453825829561866
59.7621636390686
140
3984 8869
0.9724613868711965
101.05944156646729
141
2286 6330
0.9662249367328294
9.366209268569946
142
4898 1353
0.966557235452454
42.51039528846741
143
1451 10179
0.9721994899161657
218.7241678237915
144
904 2472
0.9333974138671707
23535.793971061707
145
816 20357
0.9500235742968406
69.78936767578125
146
2275 15200
0.9761813765182186
153.96121954917908
147
7244 1838
0.9638838100376793
7.247506618499756
148
3800 1220
0.967424288179465
31.46155047416687
149
7617 1269
0.9720847554612453
126.41561388969421
150
723 3163
0.9632817907959818
4.367292404174805
151
3518 9176
0.9676466787075362
33.637160778045654
152
2226 16870
0.9579713213086064
160.61729431152344
153
5587 1554
0.949199039229467
4.990903615951538
154
4970 1433
0.9689712595180293
35.10623288154602
155
10224 987
0.9673095705834693
223.1336588859558
156
550 5818
0.9424994531079096
4.6950907707214355
157
13872 1148
0.9460865318150216
59.326212644577026
158
13714 3506
0.966781273977625
116.90001916885376
159
20705 705
0.928697525694448
9.41916036605835
160
1590 6527
0.9530991247772919
48.5928692817688
161
2320 4179
0.967666740929607
97.76590466499329
162
926 2186
0.9242202984237016
4.420259237289429
163
7531 3688
0.9119472485526923
24.371887922286987
164
13452 3678
0.9667261737582821
152.2645857334137
165
735 11151
0.9272000863837598
5.345013856887817
166
9185 683
0.9765406229999737
51.56984567642212
167
1014 6972
0.9726759956139011
174.14862704277039
168
1164 2537
0.95224017868874
5.044214725494385
169
15954 2020
0.970589330463697
48.74162316322327
170
1854 14552
0.9696969629578233
216.84157299995422
171
4195 2682
0.968092763392377
8.4986891746521
172
6445 1289
0.9753323611317581
36.39028000831604
173
4860 1974
0.9673835999683124
109.76057171821594
174
10971 482
0.9478027890201667
9.446141004562378
175
10651 2331
0.9693027254758547
69.6551775932312
176
3180 11901
0.9681243952334221
91.89977049827576
177
19941 705
0.9336641674500059
8.458755254745483
178
3148 1876
0.9782332099712004
49.05531120300293
179
5943 1424
0.9769401070469081
136.58479356765747
180
1153 2381
0.9551592489399128
6.0602405071258545
181
6454 2528
0.9429348838714485
31.417518377304077
182
11244 4328
0.9668598360283833
113.5510606765747
183
5610 1676
0.922221761345024
4.196397542953491
184
2848 1782
0.9520883775331341
33.28441333770752
185
2239 4114
0.9660643087808098
99.52735948562622
186
968 2316
0.9507205533907136
4.28534197807312
187
1677 9892
0.9569304360679115
30.778379201889038
188
3226 12014
0.9679918788691556
94.68833041191101
189
3013 6136
0.943559979766081
4.180408239364624
190
2950 1956
0.9624595334650445
28.935057878494263
191
4117 2298
0.9530573628249254
137.7318058013916
192
4922 1150
0.9537586347013409
4.84499716758728
193
16512 1554
0.9598027611290693
78.26897263526917
194
13703 2487
0.9518640328966262
122.01698327064514
195
1682 8096
0.9639574805073952
10.136803388595581
196
7079 1411
0.9699792831113557
41.58676266670227
197
1245 5070
0.9748003453656836
86.32237386703491
198
4247 1176
0.9621563600716952
6.568928480148315
199
11595 1772
0.9661030626379199
34.45847225189209
200
3231 11848
0.9691727893041562
96.88132572174072
201
1899 5015
0.9604333917678245
3.778656005859375
202
566 9072
0.9500110229276896
54.11377573013306
203
7129 1181
0.9642042395439362
94.71936464309692
204
3737 793
0.9458092804952081
5.2073400020599365
205
9388 2937
0.9666242766901988
53.14946675300598
206
5564 11242
0.9771855976567281
153.88064050674438
207
10788 1742
0.9561456216819556
4.575753211975098
208
7579 1061
0.9774157697263347
39.935113191604614
209
10722 963
0.9586432763218374
158.0260362625122
210
946 3120
0.9703952539708354
6.008296966552734
211
2405 8457
0.963953245684356
24.863615036010742
212
3227 11676
0.9520251522010511
87.05710673332214
213
1096 7274
0.9041110323941486
2.6463589668273926
214
5680 840
0.9525760814889336
41.38385725021362
215
7991 2216
0.9736846890477419
175.43042469024658
216
609 4029
0.9464453320976288
4.757050037384033
217
8258 5221
0.9571446079414834
41.71385312080383
218
20408 3520
0.9795074653210862
216.77007508277893
219
6793 4557
0.9779128568272448
8.284862518310547
220
2036 4658
0.9493789757739816
25.837080240249634
221
20371 542
0.9660786868533355
266.95080184936523
222
12649 480
0.9564283737844889
13.621553897857666
223
4596 10119
0.9214358489931521
45.722779750823975
224
18013 1582
0.972583468478272
139.53345012664795
225
1224 6645
0.9285503867963036
5.627509593963623
226
1989 3755
0.9235436712839392
24.113874197006226
227
11294 1279
0.9787042266313678
191.1341471672058
228
993 3820
0.951580962022113
3.813636064529419
229
14092 1289
0.9541346602521346
57.29071378707886
230
33467 856
0.9446678399059025
268.0106990337372
231
1399 7353
0.9312058398457759
3.9515504837036133
232
5715 889
0.9732330702756644
30.69496726989746
233
1375 5285
0.9587466414380321
99.15876126289368
234
8911 638
0.9516366830612301
6.33408260345459
235
13834 1879
0.972783424660517
61.13966107368469
236
1151 29323
0.9654518135036493
239.92075109481812
237
7244 1177
0.9538372834378036
4.744675159454346
238
4421 1008
0.9591075063818787
30.405449867248535
239
6345 2383
0.9596886535735296
130.52815055847168
240
466 5285
0.9436842468562333
3.7936477661132812
241
7417 2245
0.9586198323060279
26.96735954284668
242
15473 2737
0.9727592002578725
146.06186318397522
243
606 14504
0.9217249048401807
13.60069465637207
244
3539 2495
0.960845114926094
31.734618425369263
245
1051 10336
0.9695860385067443
175.05899500846863
246
2355 1171
0.9723958871597941
7.836700916290283
247
12480 1770
0.9462492304070694
34.84625792503357
248
18738 2088
0.9665881438705701
106.12247252464294
249
3147 2332
0.9479725851787294
3.2674994468688965
250
1683 4413
0.9555507622848768
22.721455335617065
251
12261 599
0.9442625129368347
238.5019645690918
252
8964 621
0.9368416589959767
6.993191480636597
253
5045 3467
0.9434224943492416
27.29879879951477
254
9676 5045
0.9668214469935934
98.63212656974792
255
4695 2104
0.959426641075167
1.8788349628448486
256
5790 1027
0.9576824696913895
27.055617332458496
257
1977 4784
0.9758943993043749
150.28853631019592
258
2784 1288
0.9425103296566003
4.179936647415161
259
46749 658
0.944053547038797
136.30417346954346
260
2553 16406
0.9700036896688174
125.43549013137817
261
2393 3830
0.9131360070004004
4.296351671218872
262
6696 785
0.9661339786468203
42.88442802429199
263
16615 435
0.9525158335668158
337.6642322540283
264
12731 352
0.9287364950264565
14.130696058273315
265
11683 3115
0.9694998522362204
38.066359758377075
266
17122 2258
0.9631256188977368
118.45210027694702
267
1101 8911
0.9283381702456556
4.661877393722534
268
7135 962
0.9579227170677767
22.552090167999268
269
10931 916
0.9706120048785574
296.6166591644287
270
7002 430
0.9408604186179365
13.972336053848267
271
2322 16779
0.9775209147195448
56.03934597969055
272
13625 2487
0.9515885245478322
127.04712080955505
273
24611 956
0.8848139817059726
11.06913709640503
274
8376 691
0.9547717135444527
53.532493352890015
275
1835 6720
0.9781709809264305
109.98907113075256
276
7174 543
0.930963357037717
6.551991939544678
277
16593 1212
0.9507836518600332
55.96985840797424
278
1255 20937
0.9577909977323357
217.2742862701416
279
842 18492
0.9415119743634405
6.519969463348389
280
2580 4237
0.9704430149312169
40.074416160583496
281
7703 1113
0.9794506031943541
160.8063564300537
282
2251 1776
0.938855503660035
2.953672409057617
283
2167 7302
0.9591066642044956
28.806442975997925
284
24804 1500
0.9613376337149923
229.87502527236938
285
10689 1096
0.9386953331516881
3.8586080074310303
286
2438 4225
0.9699512161971934
36.94678020477295
287
3059 5519
0.9625658835793328
128.99858379364014
288
2051 1181
0.9321522183474656
4.313327074050903
289
1133 15344
0.9549122702469383
61.00554132461548
290
9795 3134
0.9623579160929234
76.96542811393738
291
8514 1237
0.9335964597945008
4.481814622879028
292
3544 1564
0.9727324522408826
26.396106958389282
293
5264 2741
0.9807461196577026
136.05863308906555
294
2084 1439
0.9396073728957116
3.29695987701416
295
17566 1244
0.9518945178002082
58.978431224823
296
3038 13189
0.9731634692085606
97.86225128173828
297
17309 1317
0.9670434045902797
11.687764406204224
298
566 8957
0.9584080753312548
55.170772314071655
299
8099 1200
0.9655015022430753
115.36739087104797
300
466 4634
0.9515097404702322
3.958794116973877
