1
1824 8281
0.9622307697604112
32.611777544021606
2
2413 15491
0.9656068896922168
146.20571565628052
3
8892 1235
0.9324045086244106
6.858747482299805
4
984 4608
0.9286421282181572
45.387856006622314
5
2084 6384
0.9683880105734586
119.0661871433258
6
554 4505
0.9420864102060686
6.256120681762695
7
4567 7819
0.9467600285224834
27.478960514068604
8
1394 26988
0.9503130037708454
256.2693946361542
9
2462 5968
0.9627405599972123
9.720642805099487
10
12249 445
0.9547202660891373
60.84821391105652
11
1944 4842
0.964531669904794
178.35091257095337
12
847 2445
0.9269202260836393
2.3375511169433594
13
1362 13371
0.9566445057031068
49.05498647689819
14
4093 8983
0.9734811138089404
183.74116563796997
15
1085 8341
0.9616699917182183
8.970585823059082
16
325 14464
0.9451954986385296
114.47088575363159
17
5406 1455
0.949804913212124
117.77583074569702
18
3206 721
0.9529981492745485
6.7573370933532715
19
12335 2117
0.9712896104823634
29.510881185531616
20
1565 22254
0.9692929813242462
174.95316648483276
21
1120 9076
0.970250720109551
6.328648090362549
22
1838 6189
0.9835193226917567
67.91375398635864
23
6488 1559
0.9682811075106635
128.66402196884155
24
3769 1271
0.9575087586649881
7.2045323848724365
25
1175 24388
0.951867154756961
62.96827483177185
26
3794 10392
0.973528028129176
121.47087693214417
27
7837 1862
0.9196401931020153
6.428041696548462
28
890 7378
0.9585660070479805
53.316282749176025
29
2100 7581
0.9825801973605693
180.2378168106079
30
1760 2109
0.9018446376999009
4.153424978256226
31
916 17016
0.9484673300033054
62.106629848480225
32
23359 1666
0.972206049250472
360.05476570129395
33
618 16568
0.8824059793199039
6.490011930465698
34
4748 2276
0.9704308945918215
51.32311964035034
35
12579 816
0.969961899617944
178.2952597141266
36
4286 1454
0.9556856686399724
5.204305171966553
37
12807 2063
0.9632299743978626
23578.929379224777
38
4330 14628
0.9752780267019308
194.35119891166687
39
2872 7815
0.9555751741615385
4.6141369342803955
40
1269 4521
0.970844752332561
39.72091364860535
41
1772 3754
0.9740642336661812
94.83225345611572
42
6144 1038
0.9602565091622511
6.663867950439453
43
9017 4336
0.9564547153040567
29.156922340393066
44
2660 9069
0.9670318286619626
109.49801087379456
45
1297 7286
0.9494150334467661
4.338310718536377
46
774 6089
0.9608426768650886
60.61741256713867
47
1381 5139
0.9655215705769189
138.6870048046112
48
2774 852
0.953138380874045
4.980912446975708
49
20097 2031
0.9660585843543109
66.96547746658325
50
1490 21562
0.9623870356063893
226.3311824798584
51
388 19389
0.9042126128482884
13.325737714767456
52
10367 703
0.959409720168809
63.48063635826111
53
1770 5369
0.9611287018066679
104.02902269363403
54
838 3225
0.9593761447521785
4.908948183059692
55
1659 12742
0.9652281202998556
53.977530002593994
56
15341 3660
0.9711439718487157
143.39308905601501
57
1472 6420
0.9602100052485439
8.516052961349487
58
585 9337
0.9605222856588391
53.87826323509216
59
4985 1452
0.9641319274628293
144.2051649093628
60
635 5537
0.9579916922521221
8.296406507492065
61
16383 3029
0.9740800978040773
78.18198657035828
62
1358 25111
0.9594056879355515
220.8987798690796
63
3107 2338
0.9614078202508037
5.428698301315308
64
826 12182
0.9708020963728885
88.19169688224792
65
27199 370
0.9411655635193266
362.69888854026794
66
899 3466
0.9234024212322854
8.539719104766846
67
874 24107
0.9338158091703854
66.85254669189453
68
3161 8153
0.9637335360161307
109.11610436439514
69
3139 5747
0.9583252239641021
5.118825435638428
70
808 12479
0.9678445927772519
86.3532166481018
71
1977 4810
0.969259582916639
157.9091923236847
72
1517 3266
0.9587923920814158
4.454238176345825
73
3126 6035
0.9483165751499703
27.43144726753235
74
1856 18058
0.9632901324181469
134.22430682182312
75
3540 7194
0.9259146039778912
7.0746142864227295
76
7099 839
0.9361960866418259
46.50685906410217
77
984 9765
0.9726941873873424
135.4095423221588
78
801 2710
0.9126470141105906
3.0291221141815186
79
2439 6618
0.9316153678309221
28.519356966018677
80
22699 2516
0.9641947555732304
182.72983288764954
81
1468 4913
0.8938836851127882
4.244369983673096
82
6641 1043
0.9671163028474584
36.66510629653931
83
2264 7020
0.9737313506085591
154.74777507781982
84
2155 2349
0.9248234179722032
3.4888603687286377
85
2904 12878
0.9651816934683063
29.051268815994263
86
2439 11787
0.9703395931049325
133.24766731262207
87
495 16205
0.8836221517862987
5.143807888031006
88
890 7378
0.9585660070479805
45.89800262451172
89
7717 1624
0.9788369481746844
111.81640720367432
90
4999 1526
0.9748502780503676
11.293234586715698
91
3022 6688
0.9476151167356451
30.82723045349121
92
2349 14560
0.949290293040293
163.94564390182495
93
1889 4500
0.956145285571437
3.561793088912964
94
2300 4947
0.9402454715637936
40.78425979614258
95
4353 2042
0.9412283466905529
123.69147062301636
96
350 7354
0.9092381211391274
10.343585968017578
97
13415 1981
0.9593861776327215
79.79677152633667
98
14900 2700
0.9722746706437981
217.04506993293762
99
8713 1241
0.9593027100298321
4.193400144577026
100
1213 4835
0.9254907410328133
38.28958249092102
101
1105 6861
0.9688619721542379
93.87195611000061
102
1565 4565
0.9432340106869535
7.248038291931152
103
1944 9107
0.9551202755895727
32.86625146865845
104
1064 29606
0.9570085938178554
186.3800871372223
105
5815 2125
0.9387436548480097
8.748573780059814
106
2591 1766
0.9564307671865282
36.60681629180908
107
7765 1304
0.9791967061574866
94.81946587562561
108
953 2794
0.9529846222718297
5.415203809738159
109
1964 9588
0.9469852951797351
35.32808804512024
110
26301 1337
0.945270501558151
339.36658334732056
111
1771 4904
0.9382468637823628
3.3549413681030273
112
13426 678
0.9644847733034173
59.13337516784668
113
5420 1455
0.9447421412358453
108.13795399665833
114
3821 1456
0.9709615168919016
5.61452054977417
115
8457 4045
0.9693408945975956
25.436470985412598
116
24783 1556
0.9716659110072862
360.7842605113983
117
576 17664
0.9365496796686292
13.964670658111572
118
9663 1253
0.9731280960053731
79.96451306343079
119
2041 9005
0.9735091915020263
215.5118944644928
120
1160 2802
0.9430619139038617
6.333072900772095
121
1453 18453
0.9616813370356766
57.85591197013855
122
2620 11486
0.9770662392849975
117.53938031196594
123
1444 6436
0.9007675617931683
5.2762610912323
124
4324 1525
0.9306995647624392
23.742515802383423
125
9256 1074
0.9741977220674415
121.89418005943298
126
4982 966
0.9364841794850697
4.281368732452393
127
710 23962
0.9326029123577119
89.83050346374512
128
2381 19981
0.971040989570079
114.63027000427246
129
1096 10370
0.934064521464922
3.889103651046753
130
1913 2224
0.9612376225522458
25.628668785095215
131
26689 369
0.9448342094796421
338.2335424423218
132
502 5842
0.9283124264325785
8.75560188293457
133
885 18741
0.944177860740387
55.35117316246033
134
4116 8011
0.9269225174956834
101.57647395133972
135
6313 1550
0.9530449712063689
2.0252487659454346
136
13592 678
0.9612778686404114
62.28971767425537
137
4496 2150
0.9601885914094181
89.29453825950623
138
201 22715
0.46638478310626047
37.59942269325256
139
923 26905
0.9161550119265188
80.21351194381714
140
1403 25361
0.9657001648863258
204.92992091178894
141
2286 6330
0.9662249367328294
8.927546739578247
142
1488 4469
0.9632319238625946
40.378233909606934
143
1451 10179
0.9721994899161657
203.81190133094788
144
904 2511
0.9189002019433079
4.7740397453308105
145
2328 7105
0.9540942078928977
30.241758823394775
146
2275 15409
0.9629409386122995
141.65807127952576
147
7244 1838
0.9638838100376793
6.181753158569336
148
2771 1687
0.9594200839972473
28.271406888961792
149
1569 6337
0.9450244816501023
114.0018470287323
150
3206 721
0.9529981492745485
4.594150066375732
151
3518 9381
0.946501004564583
32.01667404174805
152
19395 1906
0.9731506346087727
147.03122973442078
153
850 10790
0.8985590143378945
6.12224268913269
154
1111 6492
0.956799423010693
32.437692642211914
155
2581 3916
0.9657679538419953
100.48987364768982
156
515 6105
0.9592341149622703
4.589171886444092
157
850 18830
0.9413314798038175
66.13217830657959
158
2995 15865
0.9782894802609876
124.86541056632996
159
20705 705
0.928697525694448
8.46175241470337
160
1590 6527
0.9530991247772919
40.23810029029846
161
547 17596
0.9747312522831141
311.38425946235657
162
1179 1753
0.9051924557295938
2.8822128772735596
163
7531 3688
0.9119472485526923
20.70016646385193
164
13452 3678
0.9667261737582821
136.93342638015747
165
4318 1883
0.9346341820983289
2.2855939865112305
166
9185 683
0.9765406229999737
44.19486427307129
167
5408 1318
0.9647425609000547
116.47020554542542
168
852 3455
0.9552835585631493
4.589663982391357
169
16063 2020
0.9640031238384997
42.84870195388794
170
12676 2129
0.9694168391805242
136.52963876724243
171
6069 1885
0.952092667305649
7.5513246059417725
172
6477 1289
0.970513674153803
30.151320457458496
173
5924 1631
0.960534851631808
112.38697409629822
174
10971 482
0.9478027890201667
8.611239671707153
175
10651 2331
0.9693027254758547
69.1935384273529
176
3180 11901
0.9681243952334221
95.34741353988647
177
19941 705
0.9336641674500059
9.728628635406494
178
3243 1876
0.9495769796451863
55.906060218811035
179
5943 1424
0.9769401070469081
126.63441348075867
180
982 2869
0.9307272984122004
5.9343202114105225
181
11869 1346
0.9630050037325498
54.612624645233154
182
11244 4328
0.9668598360283833
104.78694295883179
183
878 10621
0.9298487609645996
4.660623073577881
184
910 5549
0.9569050160508081
34.03314423561096
185
1451 6312
0.9716056144139045
104.03736472129822
186
1140 1996
0.9367019125971241
3.414883613586426
187
672 25198
0.9374803933796712
62.38131809234619
188
33326 1196
0.9412594182091297
177.52492213249207
189
3013 6136
0.943559979766081
3.6157867908477783
190
5331 1085
0.9601407989267193
25.859965562820435
191
4117 2298
0.9530573628249254
115.64329171180725
192
4922 1150
0.9537586347013409
3.947552442550659
193
16512 1554
0.9598027611290693
68.22869491577148
194
13703 2487
0.9518640328966262
106.31311249732971
195
10282 1317
0.9693731679323414
8.972437381744385
196
7079 1411
0.9699792831113557
35.727848052978516
197
816 7816
0.9647577493126217
105.82138514518738
198
4247 1176
0.9621563600716952
5.910354137420654
199
3702 5777
0.9281520910385611
20.969998359680176
200
2851 13517
0.9627326146346701
86.63427996635437
201
766 12869
0.9278752327886534
5.665486812591553
202
1205 4189
0.9663861783826243
27.990642309188843
203
7129 1181
0.9642042395439362
81.33957529067993
204
3737 793
0.9458092804952081
4.835002660751343
205
9388 2937
0.9666242766901988
46.95788216590881
206
5564 11242
0.9771855976567281
137.61367845535278
207
10788 1742
0.9561456216819556
4.343306541442871
208
7579 1061
0.9774157697263347
35.791804790496826
209
1299 7850
0.9706894573483767
113.55061554908752
210
946 3120
0.9703952539708354
5.064860582351685
211
2405 8457
0.963953245684356
21.064939498901367
212
2639 14147
0.9608104776959877
87.89349913597107
213
2036 4031
0.8782437094833313
1.8468544483184814
214
1534 3102
0.9551248427014745
23.588374853134155
215
7991 2216
0.9736846890477419
153.11559438705444
216
411 6047
0.9343902608802016
5.488595008850098
217
8258 5221
0.9571446079414834
36.60830616950989
218
20408 3520
0.9795074653210862
191.43530702590942
219
6793 4557
0.9779128568272448
7.306471347808838
220
1133 8148
0.9752948649455505
34.93233942985535
221
20371 542
0.9660786868533355
239.06376695632935
222
12649 480
0.9564283737844889
11.626790523529053
223
4596 10119
0.9214358489931521
40.375961780548096
224
1356 21235
0.9625148899136159
149.23749589920044
225
1151 6895
0.9516391144567041
4.9879066944122314
226
1157 6103
0.9768444922237403
31.136693000793457
227
11294 1279
0.9787042266313678
171.19084858894348
228
993 3820
0.951580962022113
3.3209424018859863
229
8993 2011
0.9583376716616377
40.8545925617218
230
33467 856
0.9446678399059025
239.42453932762146
231
1399 7353
0.9312058398457759
3.5108251571655273
232
5715 889
0.9732330702756644
26.46159291267395
233
7063 1034
0.9539855585445278
112.40430998802185
234
8911 638
0.9516366830612301
5.754432201385498
235
13834 1879
0.972783424660517
53.85460686683655
236
2545 13300
0.9626643721287501
99.17650389671326
237
1122 7743
0.9361104262305348
3.9225668907165527
238
4421 1008
0.9591075063818787
26.87133765220642
239
6345 2383
0.9596886535735296
114.62992238998413
240
466 5285
0.9436842468562333
3.342926263809204
241
471 40753
0.8315924587996153
135.90026926994324
242
15473 2737
0.9727592002578725
130.92183995246887
243
336 26799
0.8997127424797301
25.36927080154419
244
3539 2495
0.960845114926094
27.495952367782593
245
1051 10336
0.9695860385067443
153.7306764125824
246
956 2913
0.9629251788620339
5.267735481262207
247
16158 1354
0.9554041488016326
40.08314538002014
248
18738 2088
0.9665881438705701
96.71902751922607
249
1511 4985
0.9236159836226084
3.678719997406006
250
1683 4413
0.9555507622848768
19.9166522026062
251
12261 599
0.9442625129368347
213.94705605506897
252
8964 621
0.9368416589959767
6.853748083114624
253
701 24941
0.9438203975933845
88.64054155349731
254
10164 4774
0.9726492024307845
72.6319625377655
255
4695 2104
0.959426641075167
1.6339871883392334
256
5790 1027
0.9576824696913895
22.455077409744263
257
1977 4784
0.9758943993043749
133.34635663032532
258
418 8544
0.946310570220239
10.174691200256348
259
46749 658
0.944053547038797
120.8520896434784
260
2553 16406
0.9700036896688174
111.07312726974487
261
823 11226
0.9058411961989817
5.375666618347168
262
5903 890
0.9666286614880646
35.85331439971924
263
16615 435
0.9525158335668158
291.5732033252716
264
12731 352
0.9287364950264565
12.145468711853027
265
11986 3053
0.9641821725739752
32.002156496047974
266
17122 2258
0.9631256188977368
103.48784303665161
267
847 11491
0.9357907225170934
5.273729562759399
268
7135 962
0.9579227170677767
21.327775478363037
269
10931 916
0.9706120048785574
258.17611026763916
270
7002 430
0.9408604186179365
11.991566181182861
271
2075 19011
0.9654533298096917
44.92783713340759
272
13625 2487
0.9515885245478322
109.50010800361633
273
657 33889
0.9350073094303352
26.89632296562195
274
1429 4048
0.9553038485687495
26.487576723098755
275
6345 1946
0.9768899773797983
79.86647772789001
276
2441 1546
0.9609848041197885
2.721313238143921
277
988 20154
0.9602648674035835
52.21362113952637
278
792 33681
0.9434497434185686
267.3812437057495
279
2391 6317
0.9705800742017964
3.201017379760742
280
2580 4237
0.9704430149312169
33.195417165756226
281
7703 1113
0.9794506031943541
134.53457736968994
282
526 7737
0.9222716775987785
4.953928232192993
283
850 18854
0.9469896230476915
52.91319012641907
284
24804 1500
0.9613376337149923
191.21693778038025
285
5064 2287
0.9495381720017877
1.868842363357544
286
2438 4403
0.9307390162237433
31.09923529624939
287
3059 5519
0.9625658835793328
107.8051528930664
288
407 5868
0.9454049699448472
7.568307161331177
289
3034 5820
0.9401419083151544
23.634344339370728
290
9795 3134
0.9623579160929234
65.303537607193
291
1137 9112
0.949048409975576
4.352301836013794
292
3544 1564
0.9727324522408826
22.905795097351074
293
5264 2741
0.9807461196577026
106.93669247627258
294
2084 1439
0.9396073728957116
2.0467300415039062
295
17566 1244
0.9518945178002082
46.834999084472656
296
3038 13189
0.9731634692085606
80.35817098617554
297
1943 11831
0.9589798131891178
5.990285634994507
298
1097 4608
0.9611924962650663
27.861725330352783
299
5039 1961
0.949606430373429
78.58691024780273
300
466 4748
0.9286638873923875
3.4008920192718506
