1
10719 1407
0.9636925258690487
35.748833894729614
2
1791 20873
0.9655097699006218
196.35661935806274
3
7738 1399
0.9458545048700924
6.0552449226379395
4
1720 2535
0.9657162515480942
32.88060903549194
5
2115 6287
0.9689160829825965
132.99255299568176
6
2706 915
0.9496124782410268
4.595149040222168
7
5026 7066
0.9519760477895357
24.906555652618408
8
9540 3868
0.9688695505128355
108.8096513748169
9
2665 5467
0.9709119461781777
11.157679557800293
10
1304 4244
0.9403376401473318
23.769965410232544
11
5210 1827
0.9538086728503037
159.40296292304993
12
355 5840
0.9258986108431411
5.83693265914917
13
2715 6675
0.9613255254136749
40.895297050476074
14
11934 3093
0.9696717006581786
195.44020795822144
15
1458 6244
0.9559903433221819
6.931210279464722
16
6060 763
0.9609399668669357
35.33709955215454
17
7800 1004
0.9539928746552252
142.0169599056244
18
736 3155
0.9486667126024944
4.634674310684204
19
9980 2706
0.939183429682721
22.843796253204346
20
46380 772
0.9428214379076205
407.9799952507019
21
5425 1909
0.9523373397416555
5.28479266166687
22
5216 2206
0.9723123355711417
56.73167133331299
23
6275 1615
0.9664339052458895
124.7511842250824
24
10658 457
0.9417215902581679
15.212506294250488
25
2354 12150
0.9536909419567778
42.14209961891174
26
10637 3746
0.9632920849018434
113.65982794761658
27
12291 1132
0.9645257396244717
7.054164409637451
28
1192 5446
0.9696093370665497
37.8431236743927
29
10635 1528
0.9626157210829598
212.1154386997223
30
1438 2438
0.9548351267198426
4.171951055526733
31
873 18170
0.9319790624501573
64.736900806427
32
29549 1347
0.9505548432469184
427.11351013183594
33
5827 1642
0.9442974836573914
5.297715663909912
34
6336 1721
0.9617264121458631
45.93533182144165
35
16580 628
0.9561956889199634
23752.698387622833
36
5401 1181
0.9337004578291003
5.091351509094238
37
9371 2793
0.9723435836263525
30.661986827850342
38
21950 2902
0.9697713618288542
230.86858892440796
39
8477 2609
0.96975496974136
6.0292603969573975
40
6699 849
0.9793281735526161
57.010650873184204
41
4848 1386
0.9643168185866205
124.15891909599304
42
6200 1041
0.9488409097951721
9.156322002410889
43
4367 8834
0.9693378451876219
40.93161988258362
44
15547 1549
0.9686877123006051
205.81038284301758
45
1297 7286
0.9494150334467661
3.8186333179473877
46
2855 1681
0.9435510303161636
38.76997780799866
47
5723 1243
0.9632508533898516
154.45822501182556
48
1147 2035
0.9651041387745835
5.182786464691162
49
8752 4661
0.9666254112953298
36.65677809715271
50
14397 2271
0.9456619940788951
133.87598776817322
51
3147 2258
0.9572756597803017
4.722071886062622
52
9532 763
0.9613996641787146
67.27780985832214
53
799 11931
0.9581303383063378
188.67272472381592
54
1041 2622
0.9499029493292183
4.107361793518066
55
10120 2154
0.9360256311449239
39.6832799911499
56
24350 2297
0.9748962802119361
187.82613801956177
57
2115 4484
0.9568262674958824
6.081211566925049
58
6002 919
0.9511722425495455
34.649067640304565
59
4440 1628
0.9654524149456581
134.70738625526428
60
793 4570
0.929438384551919
8.340896606445312
61
14000 3538
0.9758914439150448
82.72550582885742
62
4112 8416
0.9453817931566333
90.97022080421448
63
5113 1465
0.9323521853216288
4.776039361953735
64
1278 7880
0.9700012114423711
58.09519624710083
65
22197 448
0.9524636131652282
260.28308725357056
66
2745 1088
0.9634030456444873
6.452110767364502
67
2699 7613
0.9575404038459788
26.18649435043335
68
2290 11232
0.9656201790890655
140.27038884162903
69
3139 5765
0.9553330550080997
4.4382476806640625
70
878 11473
0.9687802222391206
68.69249224662781
71
5931 1595
0.9743236350739882
156.57948637008667
72
515 9899
0.9318109017582437
8.453791379928589
73
6607 2831
0.9564789429149275
27.52594780921936
74
19065 1746
0.9698926834074904
135.26616883277893
75
3240 7825
0.9300692225772098
7.9775614738464355
76
7442 802
0.934247457143221
41.24143576622009
77
2028 4776
0.9649646366282432
97.48525023460388
78
801 2710
0.9126470141105906
2.5883936882019043
79
1782 8734
0.9661717164007065
30.499088525772095
80
15501 3669
0.9682214472698013
134.74259734153748
81
3855 1775
0.9421739464021482
4.182408332824707
82
1567 4427
0.9656460637997759
32.418028354644775
83
9343 1682
0.9847825564052927
180.95573782920837
84
2834 1712
0.9649071026718288
3.651735305786133
85
2253 16567
0.96705025747713
36.353036880493164
86
1836 15732
0.9657889266676527
149.02605390548706
87
9024 839
0.9361809112925722
2.9751553535461426
88
1192 5446
0.9696093370665497
30.673637866973877
89
6621 1900
0.9751416147982098
105.81315565109253
90
1834 4228
0.9590500676282848
9.570674657821655
91
2718 7395
0.9528731154485087
32.83923816680908
92
20415 1639
0.9703202477810567
237.18973302841187
93
1941 4462
0.9384545804504972
3.7666635513305664
94
5664 1931
0.9781500430092426
42.63379883766174
95
4398 2003
0.9497367182514087
129.16151356697083
96
844 2884
0.9614608462443552
5.698446750640869
97
3508 7669
0.9476987049551475
61.73037099838257
98
22701 1766
0.9756708199752526
335.0916271209717
99
8713 1241
0.9593027100298321
4.052505254745483
100
5409 1029
0.9752074297220142
42.66887307167053
101
5392 1424
0.9566470457690127
77.75005674362183
102
1777 3916
0.9683769974184953
6.904232978820801
103
1351 13149
0.9518786527968258
35.6825156211853
104
31660 998
0.9541040704276526
182.20204091072083
105
5815 2125
0.9387436548480097
8.975434303283691
106
1021 4398
0.9746095968294732
44.380613565444946
107
8509 1193
0.9767198815277389
120.90891098976135
108
478 5602
0.9476199474485353
8.729135513305664
109
1820 10271
0.9539566217056238
35.02681756019592
110
26384 1310
0.9617182111295766
317.07418727874756
111
4547 1917
0.9348438536635676
4.227377653121948
112
10991 840
0.9509446040266711
45.7410147190094
113
1924 3993
0.969775459444881
86.00634527206421
114
1796 3100
0.970224872476471
5.779615163803101
115
11591 2970
0.9632389520837454
26.432125091552734
116
16933 2277
0.9718147740866435
232.24483036994934
117
8321 1212
0.9448529368019124
5.758429288864136
118
15813 766
0.9727248740542823
114.54587316513062
119
8024 2287
0.9750113999932865
165.55841445922852
120
477 6989
0.9194601399683779
15.569730281829834
121
1121 24240
0.9489111634178583
68.16859841346741
122
13164 2305
0.9690257265097542
124.48294258117676
123
1443 6254
0.9276235350747662
5.332695245742798
124
5585 1148
0.9571940145798695
30.549721717834473
125
8250 1211
0.9693411405550134
104.87042236328125
126
1101 4248
0.9636281261171576
4.268367767333984
127
15026 1125
0.9386037239155833
51.71820044517517
128
3500 13706
0.9630202205499155
103.83117628097534
129
4569 2465
0.9426014542842518
2.829280376434326
130
3756 1130
0.9635549492493426
26.350923776626587
131
19111 506
0.9622332232973043
219.64453554153442
132
407 7128
0.9384201694807756
12.418386697769165
133
5560 2967
0.9492869405183638
23.982524871826172
134
2888 11014
0.9608669801768286
110.28903841972351
135
6514 1550
0.9236372280051898
2.0993030071258545
136
5732 1608
0.9611026557720816
22.844562530517578
137
2207 4341
0.9687889687761303
92.52458763122559
138
1147 1936
0.9589244669889831
4.851001501083374
139
1923 12452
0.9501348830053427
39.62966728210449
140
9437 3774
0.9647849047084847
95.62555646896362
141
2136 6896
0.9492042556288398
9.770447254180908
142
4365 1535
0.9559859856498427
40.2350013256073
143
6697 2230
0.9614855323078201
135.54463005065918
144
1067 2128
0.9186444320736236
4.7186033725738525
145
1453 11301
0.9610717869463585
38.309889793395996
146
2101 16505
0.9734506195099606
167.2365369796753
147
9102 1461
0.9650761594468711
6.3581764698028564
148
3231 1475
0.941090600066097
28.887003660202026
149
8173 1196
0.9612515023159297
136.866055727005
150
736 3155
0.9486667126024944
4.647117614746094
151
9538 3468
0.9443427346886357
32.33095026016235
152
2351 15858
0.964920887894955
136.06194877624512
153
5587 1554
0.949199039229467
4.919949769973755
154
10471 687
0.9593312200592279
64.717848777771
155
18054 567
0.9535577082196484
306.75546741485596
156
605 5413
0.9209246793379269
4.81101655960083
157
7222 2164
0.964044514322892
30.48044228553772
158
12286 3865
0.9789134089453619
105.62694644927979
159
20705 705
0.928697525694448
8.21398138999939
160
4326 2407
0.9499181863039705
29.590122938156128
161
4097 2382
0.9613431793696398
94.62070560455322
162
994 2031
0.9267025094931975
3.6957058906555176
163
8114 3271
0.9543281398132256
20.54227924346924
164
4093 12109
0.9650549369975714
124.9276921749115
165
735 11151
0.9272000863837598
4.965920448303223
166
3978 1612
0.9553452799329314
19.50295376777649
167
800 8788
0.9781005348202094
191.67729568481445
168
1072 2770
0.9469900048493992
3.8966054916381836
169
3933 8159
0.9747552669114768
26.96109628677368
170
1652 16445
0.9629961048531425
185.57715773582458
171
5138 2196
0.9653421664075168
7.898102760314941
172
11086 750
0.9745235432076493
50.813575744628906
173
2397 4036
0.9593187801236515
95.14573693275452
174
10862 482
0.9573139751740241
8.953963279724121
175
13311 1861
0.9714826202777347
72.59505319595337
176
3748 10112
0.9667297769781014
83.8004515171051
177
19941 705
0.9336641674500059
8.149149656295776
178
4267 1394
0.9712354901434014
50.492024183273315
179
5266 1647
0.9532552482375971
106.14814066886902
180
1533 1830
0.9346978494968614
5.581538677215576
181
10609 1518
0.9553038157996212
44.09244108200073
182
15400 3170
0.9638104387725839
120.62531614303589
183
1782 5123
0.9498175412353302
3.2385826110839844
184
1437 3498
0.9612766097975063
26.5132315158844
185
5415 1695
0.9695188444640557
92.857661485672
186
336 6918
0.9169527560952105
11.11661410331726
187
1682 9962
0.9473817390745952
34.60068202018738
188
11598 3355
0.9641577033298048
103.28835797309875
189
7329 2495
0.9539787994600197
3.908576488494873
190
4179 1379
0.9636885695787893
31.348174810409546
191
4617 2041
0.9568570320982136
128.0973801612854
192
3927 1449
0.9487431336170832
3.96504545211792
193
14597 1735
0.9724551983461921
78.41303753852844
194
3563 9487
0.9596693775469696
83.1489531993866
195
1310 10385
0.9648872603248225
13.216806173324585
196
6397 1588
0.9537499670224826
31.0897216796875
197
1555 4102
0.9646437076416335
73.33640193939209
198
4389 1138
0.9621159064781302
6.196159601211548
199
15260 1383
0.9405485444391691
40.28701686859131
200
3932 9729
0.9698431512294472
76.74041414260864
201
1899 5015
0.9604333917678245
4.070475816726685
202
6837 751
0.950041551540562
39.80831503868103
203
9864 852
0.9659505424001158
103.42686724662781
204
3119 947
0.9489307114855877
4.231374740600586
205
9185 2997
0.9682083462522584
40.850669622421265
206
15905 3965
0.9692390307678829
150.36376309394836
207
6400 2935
0.9565882666098807
2.891211748123169
208
3409 2408
0.9574655324141977
25.84397268295288
209
11718 881
0.9588037380135802
157.94709634780884
210
652 4517
0.9725158942834907
6.455995559692383
211
2935 7033
0.949814200322597
22.034354209899902
212
11008 3368
0.9675222705663425
74.57875370979309
213
1096 7274
0.9041110323941486
2.239612102508545
214
4743 994
0.9640238648844363
34.30672812461853
215
3630 4941
0.9613194928810097
125.00650072097778
216
1112 2183
0.956646684484753
2.964162826538086
217
23219 1851
0.9601878330934336
66.69364356994629
218
10122 7112
0.9774460107498418
131.92920517921448
219
6175 5183
0.945850784369017
7.031639814376831
220
1461 6392
0.9641173215321341
29.681575775146484
221
3672 3180
0.9134701155095162
66.85257291793823
222
12634 480
0.9575639148329903
11.134096145629883
223
11014 4039
0.9633049575248553
52.30656719207764
224
18705 1532
0.9671702599729342
116.22546696662903
225
4282 1867
0.9446934352568155
3.478841781616211
226
13757 530
0.9460248710433522
64.42005443572998
227
8309 1737
0.9795378325089226
142.53362369537354
228
1725 2180
0.959870761866773
2.632369041442871
229
2322 7734
0.9650922790893683
30.688970804214478
230
25808 1117
0.9387763838019316
229.10395050048828
231
4026 2538
0.9374812340746534
2.837239980697632
232
2848 1790
0.969933227669324
17.149365186691284
233
1755 4100
0.9682568271836565
77.43098616600037
234
7286 773
0.9606156022697129
5.363674640655518
235
19298 1351
0.9698912970351875
70.61421322822571
236
17171 1964
0.9662227413933002
120.24746870994568
237
5335 1594
0.956327088813604
4.029501676559448
238
1741 2604
0.9427761469784037
19.149126529693604
239
5451 2703
0.984835740715742
98.04420471191406
240
466 5285
0.9436842468562333
3.4348690509796143
241
7762 2158
0.9529408737560593
23.700303316116333
242
10156 4192
0.9676330729174496
92.41569519042969
243
606 14816
0.9023149311421423
12.175450801849365
244
5125 1714
0.9658280445114836
28.669224739074707
245
2953 3770
0.9460994124574119
83.19134187698364
246
545 5334
0.9224469647716054
10.01379108428955
247
10238 2137
0.955374716286769
22.42209506034851
248
20227 1937
0.9652373031247636
106.14618110656738
249
8077 931
0.9251694917620906
3.516818046569824
250
6839 1092
0.9502908871603125
22.97375726699829
251
1761 4036
0.9757418891532145
89.54547357559204
252
8352 654
0.9547538284884062
6.600906133651733
253
2109 8225
0.9512808473166816
24.653711795806885
254
3368 14506
0.9660142882967913
97.16376090049744
255
4695 2104
0.959426641075167
1.602004051208496
256
11960 501
0.9503895219594256
52.02773928642273
257
1721 5507
0.9738783674720896
152.435480594635
258
2998 1166
0.9668097771298647
4.255362033843994
259
46718 658
0.9446799792481853
119.97014856338501
260
3965 10489
0.9768989238350584
94.81720662117004
261
4254 2118
0.9288669265564865
4.07247257232666
262
7262 725
0.9645576881071996
34.793424129486084
263
16778 435
0.9432620440286472
291.3863377571106
264
12549 352
0.942206097552141
12.231379270553589
265
2265 15976
0.9750433321063272
39.31462097167969
266
18265 2113
0.9648108790122388
107.96805024147034
267
1101 8980
0.9212050595834117
4.483219623565674
268
6636 1020
0.9713885343166803
20.32040047645569
269
8013 1241
0.9773139598997721
177.65056371688843
270
5958 508
0.9359476307908642
7.967059135437012
271
3540 11013
0.976889510650228
32.847631216049194
272
3670 9116
0.9638092977822627
79.11644625663757
273
11513 1917
0.9432536878204544
4.809016466140747
274
7582 757
0.9627967162719742
43.08128499984741
275
3041 4106
0.9660169596453598
75.54016017913818
276
3223 1161
0.9691729048027167
3.863603353500366
277
11632 1701
0.9663857816463655
36.09965443611145
278
1328 19724
0.9608063413662763
188.83293461799622
279
11215 1354
0.9653924140160987
4.74105978012085
280
8017 1353
0.9779992644971638
51.37913918495178
281
3795 2336
0.9472246286570289
86.68579387664795
282
5849 667
0.9620768347233462
6.0022783279418945
283
2497 6420
0.9467037080010031
24.180005311965942
284
21741 1699
0.9683135984855038
179.8035078048706
285
7816 1496
0.9404942521579209
2.582401990890503
286
1967 5223
0.9724917388100285
34.866381883621216
287
3315 5094
0.9623385037020455
121.0319652557373
288
1840 1291
0.9505135890613949
3.212005853652954
289
3044 5646
0.9659317726596295
29.26685094833374
290
13536 2312
0.9439780155647991
77.95566177368164
291
6293 1636
0.9550398879183103
3.538806915283203
292
4550 1235
0.9595011789829604
23.013728857040405
293
5968 2477
0.9572529063632064
102.38467526435852
294
2638 1195
0.8938450265035323
2.3202128410339355
295
17520 1244
0.9543937842282224
46.30228805541992
296
9357 4310
0.9668776827998543
72.51442122459412
297
3614 6381
0.9559316201156467
3.7216920852661133
298
475 10749
0.9516292825281176
62.647852420806885
299
12358 791
0.9599330058235257
171.0009741783142
300
466 4764
0.9255449490636137
3.5048253536224365
