1
1824 8281
0.9622307697604112
28.77715492248535
2
2413 15491
0.9656068896922168
119.34699773788452
3
8892 1235
0.9324045086244106
7.27249002456665
4
3291 1336
0.9576826292719939
35.78880786895752
5
1992 6749
0.9583215065031202
127.7301733493805
6
554 4505
0.9420864102060686
5.74443793296814
7
2174 16245
0.9572885918050504
37.989445209503174
8
1394 26988
0.9503130037708454
235.61391758918762
9
542 30054
0.8684094951350791
45.14901828765869
10
12249 445
0.9547202660891373
67.30967688560486
11
2485 4009
0.9113287858856808
158.35958886146545
12
847 2445
0.9269202260836393
2.1451752185821533
13
1362 13371
0.9566445057031068
55.93456435203552
14
4512 8225
0.9644632348185992
174.30022740364075
15
1085 8341
0.9616699917182183
9.515869855880737
16
1724 2828
0.9113322771620881
31.32677698135376
17
5406 1455
0.949804913212124
128.52977776527405
18
3206 721
0.9529981492745485
4.96189022064209
19
1477 17739
0.9680529797462285
38.54748725891113
20
1158 30310
0.9617960692874835
224.73491406440735
21
1120 9076
0.970250720109551
6.440468072891235
22
2217 5152
0.9795065375682543
56.37533473968506
23
6488 1559
0.9682811075106635
130.56427383422852
24
972 5078
0.9292990257335363
6.689440965652466
25
1175 24388
0.951867154756961
55.958648443222046
26
1751 22546
0.972275350203503
197.8215618133545
27
7837 1862
0.9196401931020153
6.524954080581665
28
735 8840
0.9687485763536183
53.92838931083679
29
1756 9121
0.9766677139215892
204.46538734436035
30
981 3660
0.9323326259030876
4.67666220664978
31
916 17016
0.9484673300033054
64.8214659690857
32
3148 12432
0.9667447841288375
225.421311378479
33
618 16568
0.8824059793199039
7.065618991851807
34
1750 6112
0.9804516641735228
52.458873987197876
35
8286 1226
0.9800665168040277
147.46353244781494
36
995 6263
0.955710052738545
5.982832431793213
37
12807 2063
0.9632299743978626
41.89784622192383
38
4330 14628
0.9752780267019308
197.99084758758545
39
2872 7815
0.9555751741615385
4.978426933288574
40
1269 4521
0.970844752332561
36.609917640686035
41
1772 3754
0.9740642336661812
23637.07344698906
42
9383 685
0.9528039138961517
11.353960275650024
43
828 47592
0.9489677709402708
99.73130393028259
44
2660 9069
0.9670318286619626
108.7581639289856
45
2085 4648
0.9257912430812665
3.462852716445923
46
774 6089
0.9608426768650886
40.983588457107544
47
1381 5139
0.9655215705769189
134.80731749534607
48
2774 852
0.953138380874045
4.46623158454895
49
20097 2031
0.9660585843543109
78.70419764518738
50
1490 21562
0.9623870356063893
209.82789039611816
51
388 19389
0.9042126128482884
16.588730812072754
52
12186 617
0.9299641350530845
73.68231177330017
53
1770 5369
0.9611287018066679
104.09396243095398
54
2683 1037
0.9318869369662409
3.538804292678833
55
1659 12742
0.9652281202998556
47.63946318626404
56
3968 14137
0.97205189795937
139.7318832874298
57
1472 6420
0.9602100052485439
8.604665040969849
58
585 9337
0.9605222856588391
55.94930577278137
59
4997 1442
0.9684866398341085
137.09913754463196
60
635 5537
0.9579916922521221
8.280085563659668
61
34030 1490
0.953320993911807
165.41411328315735
62
1358 25111
0.9594056879355515
217.44355177879333
63
3107 2338
0.9614078202508037
5.556447982788086
64
1191 8444
0.9713357245502646
68.08594059944153
65
1859 5261
0.9684406217092311
82.67227363586426
66
899 3466
0.9234024212322854
6.5338335037231445
67
874 24107
0.9338158091703854
68.06295800209045
68
1442 17919
0.9612135407608239
176.2014718055725
69
2899 6230
0.9572142826690113
4.168413877487183
70
808 12479
0.9678445927772519
74.10379958152771
71
1838 5174
0.9692145333682727
142.16792750358582
72
275 21459
0.8049782884062208
21.75950813293457
73
676 27744
0.9539021284201116
104.14108657836914
74
1856 18058
0.9632901324181469
149.20038318634033
75
7658 3177
0.9691969811421262
7.073613166809082
76
1409 4321
0.9158633895335783
28.169572353363037
77
984 9765
0.9726941873873424
132.35244178771973
78
271 8287
0.8821410140009449
4.927943706512451
79
2439 6618
0.9316153678309221
28.21750283241272
80
3320 16950
0.9785304403454526
145.5869402885437
81
1468 4913
0.8938836851127882
4.160418510437012
82
6208 1109
0.9730008924172422
39.04179120063782
83
8982 1779
0.9685090623442876
188.55535650253296
84
579 8469
0.9547252593069798
5.743440866470337
85
2601 14840
0.9351469370582121
29.771706104278564
86
2439 11787
0.9703395931049325
128.61551594734192
87
495 16205
0.8836221517862987
4.763554334640503
88
735 8840
0.9687485763536183
46.94749665260315
89
1473 8721
0.9549394743108631
121.75773811340332
90
4999 1526
0.9748502780503676
12.907025337219238
91
3022 6962
0.910320295996552
31.315922498703003
92
3612 9238
0.9730109600746304
131.87310934066772
93
715 12063
0.9423386196825639
6.868741750717163
94
1481 7449
0.9697459265884449
46.71547532081604
95
5583 1569
0.9550999705812749
144.5856487751007
96
350 7354
0.9092381211391274
9.839929342269897
97
2038 12932
0.9673836299908907
73.05883407592773
98
3734 10989
0.9532493490715237
190.52018666267395
99
8713 1241
0.9593027100298321
4.282345294952393
100
7666 733
0.9659542730271224
62.07086133956909
101
1105 6861
0.9688619721542379
95.57259106636047
102
1565 4565
0.9432340106869535
7.030640363693237
103
1944 9107
0.9551202755895727
31.913930416107178
104
1064 29606
0.9570085938178554
188.46299386024475
105
5815 2125
0.9387436548480097
8.700166940689087
106
2591 1766
0.9564307671865282
37.86963677406311
107
7766 1340
0.952767228754502
102.87457990646362
108
953 2794
0.9529846222718297
6.314084529876709
109
692 27342
0.9424891747985166
89.02168416976929
110
9717 3700
0.9245403013386959
138.22555780410767
111
1771 4988
0.9224463953465731
3.172032356262207
112
9459 963
0.9638294669995676
42.58670997619629
113
5420 1455
0.9447421412358453
106.13304257392883
114
3821 1456
0.9709615168919016
5.712459564208984
115
1152 30089
0.9566457760957308
52.966429233551025
116
3516 11105
0.9596503076692181
160.412752866745
117
1053 9517
0.950854176975854
8.430770874023438
118
6662 1868
0.9467854211009805
55.61977505683899
119
7398 2490
0.9712993634445867
166.0660800933838
120
1160 2802
0.9430619139038617
6.497971296310425
121
704 39922
0.9174424573941914
112.44508647918701
122
2620 11654
0.9629811931034392
115.88739848136902
123
1325 6601
0.957128736926652
5.6504967212677
124
4324 1525
0.9306995647624392
22.880991458892822
125
6209 1614
0.9663835903552085
86.0211284160614
126
8376 564
0.9540376675675859
6.964802265167236
127
596 28465
0.9352349582732592
96.19948053359985
128
2377 20049
0.9693760383820264
121.22794103622437
129
1096 10370
0.934064521464922
3.8976879119873047
130
1913 2224
0.9612376225522458
25.04136371612549
131
5130 1894
0.957672325245826
67.08640098571777
132
502 5842
0.9283124264325785
9.22727632522583
133
885 18741
0.944177860740387
52.01988625526428
134
4116 8011
0.9269225174956834
99.79465961456299
135
6313 1550
0.9530449712063689
1.9323289394378662
136
5412 1684
0.9719907419598921
26.39936137199402
137
4598 2150
0.9388881920349595
88.44981575012207
138
201 22715
0.46638478310626047
37.62250995635986
139
6880 3701
0.8935032486505847
31.330509662628174
140
1230 28990
0.9636360169051845
220.1477334499359
141
15043 975
0.953276982053157
18.389781713485718
142
1488 4536
0.9490042918302327
41.18540048599243
143
1451 10179
0.9721994899161657
199.10281133651733
144
904 2511
0.9189002019433079
4.519296169281006
145
2328 7105
0.9540942078928977
30.148441314697266
146
2705 13079
0.954143503597292
148.32891082763672
147
7244 1838
0.9638838100376793
5.950312376022339
148
2771 1687
0.9594200839972473
27.581541061401367
149
1569 6337
0.9450244816501023
108.83288884162903
150
3206 721
0.9529981492745485
4.578760385513306
151
3518 9381
0.946501004564583
30.522446870803833
152
19395 1906
0.9731506346087727
146.43223595619202
153
850 10790
0.8985590143378945
6.202154874801636
154
1111 6492
0.956799423010693
31.53049111366272
155
2342 4559
0.9142121635510806
89.98013186454773
156
515 6105
0.9592341149622703
4.930562973022461
157
850 18830
0.9413314798038175
64.92949342727661
158
17092 2813
0.9668111944568151
131.68141555786133
159
1331 10670
0.9545444687528386
6.070234775543213
160
5717 1781
0.9714415972458001
34.96295619010925
161
547 17596
0.9747312522831141
310.5405080318451
162
1179 1753
0.9051924557295938
2.6838536262512207
163
1134 23192
0.9630792379297611
51.51340866088867
164
2826 17182
0.9850452665988032
166.8166229724884
165
4318 1883
0.9346341820983289
2.523948907852173
166
10962 598
0.9345428018591437
53.99058675765991
167
5451 1318
0.9571322269945874
121.09738898277283
168
852 3455
0.9552835585631493
4.631129503250122
169
16063 2020
0.9640031238384997
43.603960275650024
170
12676 2129
0.9694168391805242
135.0384383201599
171
6069 1885
0.952092667305649
7.079608917236328
172
2362 3667
0.9354868131840219
24.03214406967163
173
6015 1631
0.9460030691715429
111.64415192604065
174
664 7853
0.9611862706141003
7.5363264083862305
175
2041 12434
0.9482835663336222
65.58307147026062
176
710 54169
0.9526482456183686
517.2940363883972
177
1269 10840
0.9541921465313944
5.703464508056641
178
3586 1696
0.9498911187637458
46.85037970542908
179
5333 1619
0.9575583032308883
117.66465497016907
180
982 2869
0.9307272984122004
6.020266056060791
181
11869 1346
0.9630050037325498
52.86260223388672
182
10426 4653
0.9698863242132728
95.98888754844666
183
878 10621
0.9298487609645996
4.776039123535156
184
910 5492
0.9668364774337098
36.568589210510254
185
1451 6312
0.9716056144139045
116.57461762428284
186
1140 1996
0.9367019125971241
4.020507574081421
187
672 25198
0.9374803933796712
78.35643768310547
188
574 72735
0.8986040442262243
676.5255043506622
189
7823 2315
0.9632292660866819
3.255981922149658
190
1141 5107
0.9530635118370465
27.63586187362671
191
2617 3631
0.9488989381232618
120.42332720756531
192
1965 2889
0.9509722321308253
2.2566006183624268
193
2918 8792
0.9599745562823951
48.33102989196777
194
626 64947
0.7978714617684579
516.6447079181671
195
10282 1317
0.9693731679323414
8.804540634155273
196
1444 7038
0.9533336639485374
37.067015647888184
197
816 7866
0.9586252947657579
105.15379786491394
198
878 5723
0.9563502503784235
6.466990947723389
199
870 24545
0.9295561752633563
59.486125230789185
200
574 73661
0.8774729009772474
634.582081079483
201
766 12869
0.9278752327886534
5.674480199813843
202
1205 4239
0.9549874265734403
28.90308928489685
203
7129 1181
0.9642042395439362
81.27960205078125
204
671 4447
0.9393127267767383
5.186784982681274
205
9838 2937
0.9224099115234383
46.968894958496094
206
20176 3175
0.9541770373469375
179.77452778816223
207
10788 1742
0.9561456216819556
4.065478086471558
208
7579 1061
0.9774157697263347
35.56096911430359
209
1122 9052
0.974589478261075
114.24319434165955
210
946 3120
0.9703952539708354
4.8659827709198
211
634 52611
0.587789152056877
159.79191660881042
212
1445 25638
0.9682544104218138
168.099689245224
213
2036 4031
0.8782437094833313
1.7798962593078613
214
1534 3102
0.9551248427014745
23.43946623802185
215
5976 2986
0.9662485059685045
116.79957747459412
216
411 6047
0.9343902608802016
5.261740684509277
217
15585 2750
0.9628677224604077
52.908193826675415
218
4041 17862
0.974836819143916
200.38076043128967
219
4003 7766
0.9737732111681112
8.014033079147339
220
4987 1904
0.9482231533078441
22.793864965438843
221
1118 9838
0.9697851163808983
124.3399031162262
222
3652 1652
0.9625184647902638
3.598769426345825
223
4724 9330
0.9722796320447094
45.12501621246338
224
9891 2911
0.9625803775755529
71.38427400588989
225
1026 7980
0.9224261921861183
5.470609426498413
226
1157 6103
0.9768444922237403
32.180044174194336
227
4942 2933
0.9753376466706948
104.16240930557251
228
1004 3799
0.9463577645197048
3.2190263271331787
229
8993 2011
0.9583376716616377
38.66802430152893
230
1444 19535
0.959376486695164
169.46092057228088
231
1399 7353
0.9312058398457759
3.665728807449341
232
5093 1002
0.9689323493206009
21.13389801979065
233
6826 1067
0.9565789990364314
106.96567153930664
234
3857 1493
0.9395261023658761
2.7273099422454834
235
19834 1336
0.9542758790174013
59.0813672542572
236
2545 13300
0.9626643721287501
100.53066444396973
237
1122 7743
0.9361104262305348
3.8576080799102783
238
534 8791
0.9104766238198158
28.763163328170776
239
6345 2383
0.9596886535735296
117.98755884170532
240
610 3974
0.9587379441781415
3.1970160007476807
241
471 40753
0.8315924587996153
134.29523253440857
242
16062 2649
0.9682178613365846
121.10594725608826
243
336 26799
0.8997127424797301
24.41585922241211
244
6682 1316
0.9648107604788622
32.41989588737488
245
1549 7094
0.9585151201162367
91.76510167121887
246
956 2913
0.9629251788620339
5.722451448440552
247
513 44154
0.9227965720898351
87.17696905136108
248
18738 2088
0.9665881438705701
94.34450030326843
249
992 7472
0.9385826710040064
4.34630560874939
250
1140 6461
0.9635343776559492
25.801546096801758
251
1251 5667
0.9782164034080658
117.19133496284485
252
803 6727
0.9654341780979273
5.631507873535156
253
701 24941
0.9438203975933845
87.92148113250732
254
1458 33024
0.9802031785006008
196.1773669719696
255
4695 2104
0.959426641075167
1.6120014190673828
256
5790 1027
0.9576824696913895
22.85582685470581
257
2238 4302
0.9586722969842985
127.89785671234131
258
418 8544
0.946310570220239
9.533088445663452
259
8035 3798
0.9515990632085206
22.0923011302948
260
3121 13461
0.9670653334120731
94.85882949829102
261
823 11226
0.9058411961989817
5.268732070922852
262
5953 890
0.9585098250905502
36.14297151565552
263
871 8134
0.9717162894648959
112.91468048095703
264
763 5782
0.9433982536302612
5.059864044189453
265
7667 4741
0.9706546878398884
24.94753098487854
266
2528 15335
0.9605069585171673
94.1456298828125
267
847 11491
0.9357907225170934
5.182786226272583
268
7241 962
0.9438998185718253
19.240071058273315
269
5531 1799
0.9767112828808949
123.4844331741333
270
2979 979
0.9713205238851051
3.297945499420166
271
2075 19011
0.9654533298096917
41.58522868156433
272
626 64245
0.8017663512059591
489.73487162590027
273
657 33889
0.9350073094303352
24.332913637161255
274
678 8536
0.9548390229270167
37.40680551528931
275
5539 2267
0.9605881636672963
79.17142605781555
276
2441 1546
0.9609848041197885
2.687333822250366
277
988 20154
0.9602648674035835
51.70394015312195
278
792 33681
0.9434497434185686
269.6468324661255
279
2391 6317
0.9705800742017964
3.086087703704834
280
1667 6625
0.9605649285237292
41.05757784843445
281
4319 2028
0.9587082078043305
89.1297345161438
282
526 7737
0.9222716775987785
4.969919681549072
283
850 18854
0.9469896230476915
53.49982523918152
284
15720 2380
0.9560033784506169
118.56557393074036
285
5064 2287
0.9495381720017877
1.8668022155761719
286
2544 4123
0.9525326363687673
28.099045753479004
287
7901 2106
0.9766296547505677
165.18745183944702
288
407 5868
0.9454049699448472
7.743592023849487
289
3034 5820
0.9401419083151544
23.846875190734863
290
1240 24952
0.9548013152995687
144.1992540359497
291
1137 9239
0.9360027180103312
4.159849405288696
292
924 6112
0.9547035779447429
32.18816161155701
293
1334 10892
0.9739082671297477
160.01582264900208
294
438 6827
0.9423254295829144
3.666563034057617
295
2153 10034
0.9628618016903235
28.679094076156616
296
3038 13189
0.9731634692085606
83.3551197052002
297
1943 11831
0.9589798131891178
5.920808792114258
298
1097 4651
0.9523059606083478
28.23046064376831
299
1645 5830
0.9784331124515789
83.45132732391357
300
466 4748
0.9286638873923875
3.329653024673462
