1
160 209
0.9857655502392344
26.36579990386963
2
240 150
0.9911111111111112
16.791006326675415
3
229 168
0.9970887918486172
13.533692836761475
4
256 162
0.9811921296296297
3.162050724029541
5
264 165
0.9944903581267218
3.982447862625122
6
26816 610
0.8934907958057827
4731.096098899841
7
8905 1732
0.9437252082217609
4799.870654821396
8
4530 3797
0.9020429164188528
411.78044080734253
9
4530 3787
0.9044248623296499
2034.050143480301
10
4530 7025
0.9751051825316396
3377.81672167778
11
4530 7025
0.9751051825316396
16210.24221253395
12
4619 7025
0.956316621967596
1816.7621161937714
13
6634 7017
0.9999086159204471
7722.181056261063
14
4539 3777
0.9050213654461615
28292.050312519073
15
4539 3777
0.9050213654461615
111955.10707950592
16
4539 3777
0.9050213654461615
243892.3846859932
